-6.852985759068994369e-05
-7.086851954441036861e-05
-7.270463313273482526e-05
-7.407217696749990397e-05
-7.488685574970291184e-05
-7.510330737469540091e-05
-7.483392840476669984e-05
-7.412818746877064264e-05
-7.290363531068322844e-05
-7.102920391170255998e-05
-6.855379808821842930e-05
-6.428108454961434281e-05
-7.238083004490063243e-05
8.471430479761104387e-03
1.849668796649486524e-01
6.286545743814653253e-01
7.757556611664653268e-01
8.223730301764683448e-01
8.606326105415365024e-01
8.919587836607367759e-01
9.162969208205998806e-01
9.336478480429721838e-01
9.442706062401874378e-01
9.485031960206317114e-01
9.467097003691608004e-01
9.392884474898258729e-01
9.267598344126325438e-01
9.097968007950893998e-01
8.889691512941271245e-01
8.649911078301409928e-01
8.383115362674252724e-01
8.086951988237669475e-01
7.754274052300100806e-01
7.378238054040808791e-01
6.957126314507274811e-01
6.497140584699135912e-01
6.012373320867482329e-01
5.522156526770329865e-01
5.042811538707705488e-01
4.581837364278679714e-01
4.135071973476451279e-01
3.694710769365525671e-01
3.256289539357504204e-01
2.827827335087593763e-01
2.427067468878959244e-01
2.077347799081296076e-01
1.794405552537736703e-01
1.581057281505241496e-01
1.425636329128734114e-01
1.311561611788214510e-01
1.225287055713854545e-01
1.160837887917985922e-01
1.114957758292105527e-01
1.081863681112550379e-01
1.054294121385581928e-01
1.029638332986847205e-01
1.009470002739895345e-01
9.940443449871036452e-02
9.808265680810084042e-02
9.689755640030699169e-02
9.587795349297467684e-02
9.495592586987471051e-02
9.402306217206271577e-02
9.318256240810955660e-02
9.246974554638728860e-02
9.176019934479960616e-02
9.102274583901293070e-02
9.039527868522283238e-02
8.987175946406623928e-02
8.931171728982990887e-02
8.869883205409904992e-02
8.810988324931801063e-02
8.754071159968980498e-02
8.695498253620281837e-02
8.642690495001192907e-02
8.592735753093337647e-02
8.537107698433625547e-02
8.476494633602957296e-02
8.423608016083564132e-02
8.376217832317441048e-02
8.322294811808213233e-02
8.263630259036151837e-02
8.212518986334929605e-02
8.167563604799846222e-02
8.119626044640144980e-02
8.072513163399236413e-02
8.031358999580601177e-02
7.992855207016021091e-02
7.950479856799773370e-02
7.911720135022058675e-02
7.880518661551674797e-02
7.850222956264052421e-02
7.817491247670257937e-02
7.787430750383600442e-02
7.764352398737445204e-02
7.740616840646309671e-02
7.715582565801488990e-02
7.693538784531546437e-02
7.675063150612794483e-02
7.656643805423574145e-02
7.635961458383061506e-02
7.618257178716647537e-02
7.602070511897773830e-02
7.585537888067006573e-02
7.569120341454238510e-02
7.554575314040254397e-02
7.542082625129162277e-02
7.526802780214211785e-02
7.512639029356524278e-02
7.500313596691281226e-02
7.488275767766568169e-02
7.475026350146145304e-02
7.461274816120276598e-02
7.450076158890704681e-02
7.439284292878682592e-02
7.429278566839456199e-02
7.420655086717525828e-02
7.412953039764598462e-02
7.407216957000263557e-02
7.401973041312187584e-02
7.398860128834106042e-02
7.397028373946230861e-02
7.395986479568820993e-02
7.397543130453654303e-02
7.398726111611300671e-02
7.401083496524567262e-02
7.404905502077750723e-02
7.411045782354740152e-02
