-6.772747407660406106e-05
-7.006749800610727775e-05
-7.189832929843455764e-05
-7.323895962942273850e-05
-7.402267681360593678e-05
-7.425397014596994217e-05
-7.400384594320687150e-05
-7.329864926969821494e-05
-7.204061750163789804e-05
-7.016142274333299626e-05
-6.771376425438268665e-05
-6.347559548555519165e-05
-7.145857790930755927e-05
8.471261499066864986e-03
1.846216775611610461e-01
6.265368769814811944e-01
7.729775097242026494e-01
8.194123302454362490e-01
8.574961665791484000e-01
8.886893791974058709e-01
9.129209065679956270e-01
9.300588532328312175e-01
9.392189921619973347e-01
9.403576751979856319e-01
9.359457583705486083e-01
9.274018668263194209e-01
9.134032367854856282e-01
8.962830106469831248e-01
8.776035344773789326e-01
8.550152384114808601e-01
8.280576993713618661e-01
7.988118811788643692e-01
7.667018321815758375e-01
7.294694216582936486e-01
6.872136214525915721e-01
6.417071710757888958e-01
5.941404725228414119e-01
5.456897922807011359e-01
4.980291761633371395e-01
4.521395621935394571e-01
4.076533345688394538e-01
3.635853305493372822e-01
3.195943795227491613e-01
2.767818562995409959e-01
2.369837118968931011e-01
2.020740936058810222e-01
1.736667197428932163e-01
1.523267204482068315e-01
1.367902427475398697e-01
1.252568942961180265e-01
1.167319198263373631e-01
1.105016882407258705e-01
1.058110139837274560e-01
1.023200119032317279e-01
9.968945461261383145e-02
9.727290298963582604e-02
9.504727241254681824e-02
9.345645302337909910e-02
9.219698247428724514e-02
9.083327637733626392e-02
8.965124168679360073e-02
8.877866496588725231e-02
8.779046143950988701e-02
8.676504250447526767e-02
8.607456732706392222e-02
8.541848269088747614e-02
8.460630621372647320e-02
8.394941112088422086e-02
8.348074796433380129e-02
8.286545142109755235e-02
8.221942436519168174e-02
8.168556177539473828e-02
8.106844514900229948e-02
8.041772109238840005e-02
7.991973354716495892e-02
7.939646221977758600e-02
7.872111147930226094e-02
7.813846276693707515e-02
7.764585128538131764e-02
7.707504631711127596e-02
7.652176292306483996e-02
7.603633519436417409e-02
7.547282539259989043e-02
7.491672442187682912e-02
7.450469315532479153e-02
7.406787019099103642e-02
7.351740238001891470e-02
7.309168117199463244e-02
7.271379755374263176e-02
7.224077446799327673e-02
7.181460144232257314e-02
7.154607595582429536e-02
7.123134617201327956e-02
7.082379330516599958e-02
7.055174313112690110e-02
7.031046487342407225e-02
7.002115792822698193e-02
6.975600822459121497e-02
6.960010028490477840e-02
6.940009447539061127e-02
6.915339311550841583e-02
6.895838609630475236e-02
6.879335190573351855e-02
6.862796284495377430e-02
6.845865507224185853e-02
6.828689980425443895e-02
6.809403759463321382e-02
6.790801969728678389e-02
6.769548582004100701e-02
6.749126860576257214e-02
6.728552887326244569e-02
6.710483906954375910e-02
6.688726227885609388e-02
6.676692308339590709e-02
6.665818143162242915e-02
6.649564883235672963e-02
6.631848124834528735e-02
6.622141459383672213e-02
6.615133344385790148e-02
6.601010755955778742e-02
6.597514911645681324e-02
6.592313442122443856e-02
6.585616061667479149e-02
6.575056723942432346e-02
6.577285444612125664e-02
6.573791022055358590e-02
6.572122022850791778e-02
6.576164191396020875e-02
