-1.000500000000000078e+01
-9.297354330708662573e+00
-8.589708661417324365e+00
-7.882062992125985268e+00
-7.174417322834646171e+00
-6.466771653543307963e+00
-5.759125984251969754e+00
-5.051480314960630658e+00
-4.343834645669292449e+00
-3.636188976377954241e+00
-2.928543307086615144e+00
-2.220897637795276935e+00
-1.513251968503938727e+00
-8.056062992126005184e-01
-9.796062992126053359e-02
6.096850393700776749e-01
1.317330708661415883e+00
2.024976377952754092e+00
2.732622047244092300e+00
3.440267716535432285e+00
4.147913385826770494e+00
4.855559055118108702e+00
5.563204724409446911e+00
6.270850393700785119e+00
6.978496062992123328e+00
7.686141732283461536e+00
8.393787401574799745e+00
9.101433070866141506e+00
9.809078740157479714e+00
1.051672440944881792e+01
1.122437007874015613e+01
1.193201574803149434e+01
1.263966141732283255e+01
1.334730708661417076e+01
1.405495275590550897e+01
1.476259842519684717e+01
1.547024409448818538e+01
1.617788976377952537e+01
1.688553543307086358e+01
1.759318110236220178e+01
1.830082677165353999e+01
1.900847244094487820e+01
1.971611811023621641e+01
2.042376377952755462e+01
2.113140944881889283e+01
2.183905511811023104e+01
2.254670078740156924e+01
2.325434645669290745e+01
2.396199212598424566e+01
2.466963779527558387e+01
2.537728346456692208e+01
2.608492913385826029e+01
2.679257480314959849e+01
2.750022047244093670e+01
2.820786614173228202e+01
2.891551181102362023e+01
2.962315748031495843e+01
3.033080314960629664e+01
3.103844881889763485e+01
3.174609448818897306e+01
3.245374015748031127e+01
3.316138582677164948e+01
3.386903149606298769e+01
3.457667716535432589e+01
3.528432283464566410e+01
3.599196850393700231e+01
3.669961417322834052e+01
3.740725984251967873e+01
3.811490551181101694e+01
3.882255118110235514e+01
3.953019685039369335e+01
4.023784251968503156e+01
4.094548818897636977e+01
4.165313385826770798e+01
4.236077952755904619e+01
4.306842519685039150e+01
4.377607086614172971e+01
4.448371653543306792e+01
4.519136220472440613e+01
4.589900787401574433e+01
4.660665354330708254e+01
4.731429921259842075e+01
4.802194488188975896e+01
4.872959055118109717e+01
4.943723622047243538e+01
5.014488188976377359e+01
5.085252755905511179e+01
5.156017322834645000e+01
5.226781889763778821e+01
5.297546456692912642e+01
5.368311023622046463e+01
5.439075590551180284e+01
5.509840157480314105e+01
5.580604724409447925e+01
5.651369291338581746e+01
5.722133858267715567e+01
5.792898425196849388e+01
5.863662992125983209e+01
5.934427559055117030e+01
6.005192125984250850e+01
6.075956692913384671e+01
6.146721259842518492e+01
6.217485826771652313e+01
6.288250393700786134e+01
6.359014960629919955e+01
6.429779527559054486e+01
6.500544094488188307e+01
6.571308661417323549e+01
6.642073228346457370e+01
6.712837795275591191e+01
6.783602362204725011e+01
6.854366929133858832e+01
6.925131496062992653e+01
6.995896062992126474e+01
7.066660629921260295e+01
7.137425196850394116e+01
7.208189763779527937e+01
7.278954330708661757e+01
7.349718897637795578e+01
7.420483464566929399e+01
7.491248031496063220e+01
7.562012598425197041e+01
7.632777165354330862e+01
7.703541732283464682e+01
7.774306299212598503e+01
7.845070866141732324e+01
7.915835433070866145e+01
7.986599999999999966e+01
