-7.699415860573470549e-02
0.000000000000000000e+00
7.699415860573470549e-02
1.539883172114694110e-01
2.309824758172040748e-01
3.079766344229388220e-01
3.849707930286735413e-01
4.619649516344081497e-01
5.389591102401428691e-01
6.159532688458776439e-01
6.929474274516124188e-01
7.699415860573470827e-01
8.469357446630816355e-01
9.239299032688162994e-01
1.000924061874551185e+00
1.077918220480285738e+00
1.154912379086020513e+00
1.231906537691755288e+00
1.308900696297489841e+00
1.385894854903224838e+00
1.462889013508959390e+00
1.539883172114694165e+00
1.616877330720428496e+00
1.693871489326163271e+00
1.770865647931898268e+00
1.847859806537632599e+00
1.924853965143367374e+00
2.001848123749102371e+00
2.078842282354837145e+00
2.155836440960571476e+00
2.232830599566306251e+00
2.309824758172041026e+00
2.386818916777775801e+00
2.463813075383510576e+00
2.540807233989244907e+00
2.617801392594979681e+00
2.694795551200714456e+00
2.771789709806449675e+00
2.848783868412184006e+00
2.925778027017918781e+00
3.002772185623653556e+00
3.079766344229388331e+00
3.156760502835122661e+00
3.233754661440856992e+00
3.310748820046592211e+00
3.387742978652326542e+00
3.464737137258061317e+00
3.541731295863796536e+00
3.618725454469530867e+00
3.695719613075265197e+00
3.772713771681000416e+00
3.849707930286734747e+00
3.926702088892470410e+00
4.003696247498204741e+00
4.080690406103939516e+00
4.157684564709674291e+00
4.234678723315409066e+00
4.311672881921142952e+00
4.388667040526878615e+00
4.465661199132612502e+00
4.542655357738347277e+00
4.619649516344082052e+00
4.696643674949816827e+00
4.773637833555551602e+00
4.850631992161286377e+00
4.927626150767021151e+00
5.004620309372755038e+00
5.081614467978489813e+00
5.158608626584224588e+00
5.235602785189959363e+00
5.312596943795694138e+00
5.389591102401428913e+00
5.466585261007163687e+00
5.543579419612899351e+00
5.620573578218633237e+00
