7.169688931424418599e-02
7.830634934319050111e-02
8.413339821413728936e-02
8.911981398093234141e-02
9.321577402552375102e-02
9.638035286909030219e-02
9.858193108589782816e-02
9.979851123414892888e-02
1.000179376471502513e-01
9.923801788871577934e-02
9.746654465926463118e-02
9.472121793373426690e-02
9.102946810928180810e-02
8.642818192982298919e-02
8.096333392587992672e-02
7.468952705226945821e-02
6.766944711342784413e-02
5.997323642757410728e-02
5.167779298785230707e-02
4.286600212300306634e-02
3.362590833455721129e-02
2.404983558527991339e-02
1.423346482865321672e-02
4.274877996416528991e-03
-5.726422003673563299e-03
-1.567050548800633797e-02
-2.545801446148342889e-02
-3.499115536976211971e-02
-4.417467622012430373e-02
-5.291681830790154889e-02
-6.113023303912070577e-02
-6.873285468878150006e-02
-7.564872037445302677e-02
-8.180872905228532554e-02
-8.715133195179765313e-02
-9.162314755084778606e-02
-9.517949494615574046e-02
-9.778484029011973167e-02
-9.941315183327555094e-02
-1.000481600249322339e-01
-9.968352007314452978e-02
-9.832287533977676630e-02
-9.597982093723539387e-02
-9.267776789059982423e-02
-8.844970922239836497e-02
-8.333789029723336073e-02
-7.739338672006232378e-02
-7.067559400563680483e-02
-6.325163411815221126e-02
-5.519568481076950889e-02
-4.658823846602525021e-02
-3.751529784255253769e-02
-2.806751676394584477e-02
-1.833929433572124845e-02
-8.427831740658926762e-03
1.567838963285272946e-03
1.154784433856707176e-02
2.141246747042764575e-02
3.106314430534450749e-02
4.040344847047258603e-02
4.934005473408811793e-02
5.778367148045438634e-02
6.564993288213016864e-02
7.286024185543037157e-02
