-1.242219609313761075e-01
-1.176471509449003444e-01
-1.098968495151608354e-01
-1.010484950921344688e-01
-9.119049750833908841e-02
-8.042135461701115096e-02
-6.884866813411544273e-02
-5.658806851756759820e-02
-4.376205962592069620e-02
-3.049879470030523315e-02
-1.693079589960546499e-02
-3.193630182853887667e-03
1.057544523101100475e-02
2.423885429190501123e-02
3.766007673301430270e-02
5.070501213617355923e-02
6.324331981891678778e-02
7.514972115549149734e-02
8.630525131947561213e-02
9.659844794099864407e-02
1.059264648018967414e-01
1.141960994411282682e-01
1.213247244029557470e-01
1.272411128231707711e-01
1.318861501043764872e-01
1.352134245695043036e-01
1.371896911919494033e-01
1.377952037688871534e-01
1.370239122188046665e-01
1.348835230319152534e-01
1.313954222694557750e-01
1.265944618812318290e-01
1.205286114764561184e-01
1.132584790272695291e-01
1.048567052939180788e-01
9.540723802228834316e-02
8.500449316577975145e-02
7.375241151230829684e-02
6.176342014231180066e-02
4.915730909452562664e-02
3.606003446351301045e-02
2.260245988800345385e-02
8.919049004672968683e-03
-4.853478068066567619e-03
-1.857751079229665037e-02
-3.211592316959860360e-02
-4.533344385870280435e-02
-5.809800776201492351e-02
-7.028207557641714953e-02
-8.176390812382511308e-02
-9.242878272881444035e-02
-1.021701394896710191e-01
-1.108906459897046060e-01
-1.185031698105832448e-01
-1.249316491306543681e-01
-1.301118527095246336e-01
-1.339920216653816554e-01
-1.365333866326317869e-01
-1.377105551325858712e-01
-1.375117652867124951e-01
-1.359390033374404672e-01
-1.330079838022809047e-01
-1.287479924595629488e-01
-1.232015937346170042e-01
