-2.323607945153400856e+00
-2.082060749930772836e+00
-1.819710291932617352e+00
-1.539177890213720090e+00
-1.243266531800373276e+00
-9.349328651705532955e-01
-6.172576583996642885e-01
-2.934150171443015154e-01
3.335932997225810048e-02
3.598003616908633795e-01
6.826463871296402086e-01
9.986716355211122664e-01
1.304718487047410003e+00
1.597729022733721305e+00
1.874775578163874634e+00
2.133089995735426125e+00
2.370091283175397301e+00
2.583411401961895670e+00
2.770918927982262581e+00
2.930740348018252117e+00
3.061278779270799166e+00
3.161229924885099685e+00
3.229595106053629650e+00
3.265691240484677849e+00
3.269157667534805078e+00
3.239959751810775668e+00
3.178389229234955149e+00
3.085061292116412890e+00
2.960908442352722325e+00
2.807171174179247330e+00
2.625385579560793659e+00
2.417368000068458311e+00
2.185196878595060621e+00
1.931191992240792743e+00
1.657891273867253989e+00
1.368025453911229095e+00
1.064490775828814018e+00
7.503200577881850020e-01
4.286523897529723737e-01
1.027017687329891960e-01
-2.242750144114808997e-01
-5.490109157474178936e-01
-8.682612814920847022e-01
-1.178836267521103043e+00
-1.477632711236515295e+00
-1.761665137341684506e+00
-2.028095587723610205e+00
-2.274261977392268097e+00
-2.497704693153884214e+00
-2.696191169252906583e+00
-2.867738194431060261e+00
-3.010631727518675582e+00
-3.123444023567458316e+00
-3.205047899406080703e+00
-3.254627996081814967e+00
-3.271688925657679547e+00
-3.256060220964945628e+00
-3.207898038854740008e+00
-3.127683599930407343e+00
-3.016218380350311534e+00
-2.874616103742994255e+00
-2.704291613248824611e+00
-2.506946734875031613e+00
-2.284553273412779806e+00
