-1.410586422328271361e+00
-1.680813136574191624e+00
-1.934245721562416032e+00
-2.168351962677417255e+00
-2.380792747743209148e+00
-2.569445438659001102e+00
-2.732425080097451442e+00
-2.868103233355213000e+00
-2.975124247174169234e+00
-3.052418802960685795e+00
-3.099214599063525810e+00
-3.115044067356664392e+00
-3.099749045025441685e+00
-3.053482354877130156e+00
-2.976706278385957027e+00
-2.870187936729426070e+00
-2.734991625967084783e+00
-2.572468182946114013e+00
-2.384241488186071400e+00
-2.172192240601524826e+00
-1.938439166180179196e+00
-1.685317848373157013e+00
-1.415357391717203983e+00
-1.131255151858163721e+00
-8.358497844649923625e-01
-5.320928823206532154e-01
-2.230194839826864506e-01
8.828225131879485765e-02
3.987018995473313732e-01
7.051378501889166150e-01
1.004528296518996333e+00
1.293881828163166992e+00
1.570307320280799557e+00
1.831042820728773890e+00
2.073483146574310876e+00
2.295205914221678967e+00
2.493995743068348592e+00
2.667866390855665237e+00
2.815080599544931950e+00
2.934167453425473582e+00
3.023937076018194947e+00
3.083492518928043769e+00
3.112238723855874856e+00
3.109888468224281777e+00
3.076465235010644950e+00
3.012302978112982199e+00
2.918042785592992683e+00
2.794626474136060246e+00
2.643287178730251874e+00
2.465537031589145389e+00
2.263152053426585653e+00
2.038154408044793087e+00
1.792792197542091959e+00
1.529517000019858353e+00
1.250959374224528409e+00
9.599025758741390746e-01
6.592547482872175291e-01
3.520198651760595432e-01
4.126771593435663021e-02
-2.698967666836666890e-01
-5.783645300249959931e-01
-8.810534661642139831e-01
-1.174939207307071465e+00
-1.457085344273784333e+00
