2.163381962120208557e-01
2.056378331616506572e-01
1.928828048571593623e-01
1.782005553251137520e-01
1.617377847495315435e-01
1.436589836921355334e-01
1.241447895570340770e-01
1.033901817214902541e-01
8.160253336643552569e-02
5.899953947219456485e-02
3.580704168220227857e-02
1.225677176795571255e-02
-1.141596375824618925e-02
-3.497463474819154094e-02
-5.818385074881018970e-02
-8.081171294577063624e-02
-1.026321312197777530e-01
-1.234270831643088928e-01
-1.429887924934314936e-01
-1.611218050737704133e-01
-1.776449418375998790e-01
-1.923931090641986530e-01
-2.052189479417343976e-01
-2.159943069278014993e-01
-2.246115221972712073e-01
-2.309844933836436853e-01
-2.350495438654489067e-01
-2.367660570019997079e-01
-2.361168819614394843e-01
-2.331085050861847474e-01
-2.277709850835358263e-01
-2.201576526890097474e-01
-2.103445778032594637e-01
-1.984298094267721024e-01
-1.845323959866667085e-01
-1.687911958441628280e-01
-1.513634898677352625e-01
-1.324234099346668081e-01
-1.121601990628906947e-01
-9.077632055731070515e-02
-6.848543506338426734e-02
-4.551026574057930041e-02
-2.208037288618840133e-02
1.570139755280391958e-03
2.520496407933385530e-02
4.858794873395978070e-02
7.148545866587668884e-02
9.366870952475490897e-02
1.149160536008207445e-01
1.350151944555039452e-01
1.537653081172772884e-01
1.709790496483961086e-01
1.864844250335875309e-01
2.001265096873987293e-01
2.117689964094421617e-01
2.212955573208857107e-01
2.286110061741647159e-01
2.336422494225029178e-01
2.363390165464709924e-01
2.366743623403987917e-01
2.346449361399640665e-01
2.302710153009224214e-01
2.235963025944716076e-01
2.146874895436076680e-01
