4.201577402082817131e-02
7.210724762249948183e-02
1.014782494414138425e-01
1.298353141361590635e-01
1.568951072899045784e-01
1.823872563942364744e-01
2.060570523218885619e-01
2.276679942961458980e-01
2.470041529284294213e-01
2.638723277133695477e-01
2.781039774243924678e-01
2.895569041219435702e-01
2.981166739482951078e-01
3.036977605128259317e-01
3.062443994434451700e-01
3.057311455657649724e-01
3.021631271428719678e-01
2.955759946354176160e-01
2.860355644939998609e-01
2.736371615429448734e-01
2.585046665261724885e-01
2.407892783317523988e-01
2.206680032625945587e-01
1.983418864479807031e-01
1.740340030670894378e-01
1.479872294555448775e-01
1.204618163653546070e-01
9.173278862542411094e-02
6.208719718437676754e-02
3.182125099236187554e-02
1.237357379138527558e-03
-2.935889950000133974e-02
-5.966181196009909260e-02
-8.936860331666451884e-02
-1.181824531302224646e-01
-1.458154629380281897e-01
-1.719915328403409382e-01
-1.964491201993550096e-01
-2.189438528867825584e-01
-2.392509709693809439e-01
-2.571675724359094861e-01
-2.725146405269558425e-01
-2.851388324112203443e-01
-2.949140113363984961e-01
-3.017425069459145903e-01
-3.055560911688386394e-01
-3.063166599322187933e-01
-3.040166138843817811e-01
-2.986789343251434747e-01
-2.903569535842576155e-01
-2.791338221424060073e-01
-2.651216778190814138e-01
-2.484605253285637194e-01
-2.293168373990930875e-01
-2.078818914323991296e-01
-1.843698583231299370e-01
-1.590156625340681806e-01
-1.320726348085557722e-01
-1.038099809734447376e-01
-7.451009212346468291e-02
-4.446572306274883951e-02
-1.397706719560359162e-02
1.665124290675571925e-02
4.711317929416010408e-02
