-8.432851061503688683e+00
-8.272658886998055294e+00
-8.029809039470995558e+00
-7.706727994323510522e+00
-7.306643870562322896e+00
-6.833554176501824173e+00
-6.292185867982404091e+00
-5.687948118190220725e+00
-5.026878270986752995e+00
-4.315581517764616848e+00
-3.561164900558563939e+00
-2.771166300830738116e+00
-1.953479123450801769e+00
-1.116273428403692147e+00
-2.679142982509081783e-01
5.831217430093045273e-01
1.428331424567790942e+00
2.259269690675592024e+00
3.067634080849429346e+00
3.845347685312430208e+00
4.584639846806735086e+00
5.278123802432193479e+00
5.918870489739513907e+00
6.500477779631815167e+00
7.017134444322303821e+00
7.463678221201376140e+00
7.835647392458208849e+00
8.129325365090261712e+00
8.341777805872029106e+00
8.470881960242657271e+00
8.515347862167830684e+00
8.474731223053993290e+00
8.349437870933090977e+00
8.140719695563040759e+00
7.850662139959082353e+00
7.482163363336533202e+00
7.038905283661902601e+00
6.525316789145659158e+00
5.946529486255225372e+00
5.308326426399436748e+00
4.617084323590492367e+00
3.879709840425388467e+00
3.103570578996326379e+00
2.296421466245970322e+00
1.466327269300889080e+00
6.215820149843129805e-01
-2.293738813582970604e-01
-1.078037949699292009e+00
-1.915930619198867202e+00
-2.734679943273860658e+00
-3.526105249320665713e+00
-4.282298877291694339e+00
-4.995705190420625108e+00
-5.659196068647462496e+00
-6.266142130437875934e+00
-6.810478971372154966e+00
-7.286767757669526446e+00
-7.690249569217437298e+00
-8.016892949128264334e+00
-8.263434184723879028e+00
-8.427409917473905665e+00
-8.507181756059884137e+00
-8.501952646639722388e+00
-8.411774836746234385e+00
