4.343794608410029845e+00
5.316451868742918307e+00
6.235988899388664741e+00
7.093217990295588748e+00
7.879573991749609263e+00
8.587199894518935395e+00
9.209025334493119885e+00
9.738837237424100124e+00
1.017134189791032206e+01
1.050221787235124182e+01
1.072815915738330084e+01
1.084690822237271668e+01
1.085727856591533680e+01
1.075916657096646389e+01
1.055355254014811628e+01
1.024249090088926373e+01
9.829089678266074159e+00
9.317479440642726374e+00
8.712772028397690605e+00
8.021009478104424772e+00
7.249103652499162109e+00
6.404767179433207502e+00
5.496436389844905790e+00
4.533187024729583570e+00
3.524643553335566892e+00
2.480883008648883781e+00
1.412334301010665705e+00
3.296740158924005293e-01
-7.562802630169218610e-01
-1.834678039531196347e+00
-2.894744319538398170e+00
-3.925887271180029892e+00
-4.917804054933825775e+00
-5.860583766180614163e+00
-6.744806461687153032e+00
-7.561637280565104646e+00
-8.302914719280614975e+00
-8.961232178699781059e+00
-9.530011968378900633e+00
-1.000357102867310921e+01
-1.037717771398975408e+01
-1.064709906982710663e+01
-1.081063813122177208e+01
-1.086616086993112873e+01
-1.081311252110336341e+01
-1.065202312630451331e+01
-1.038450223751833335e+01
-1.001322283503492905e+01
-9.541894619915254339e+00
-8.975226947884403117e+00
-8.318881775005872115e+00
-7.579417085288188360e+00
-6.764221365476494441e+00
-5.881439781735261718e+00
-4.939892795840447270e+00
-3.948988034041053918e+00
-2.918626289167403964e+00
-1.859102595181986395e+00
-7.810033626031138709e-01
3.048993974094917903e-01
1.387755703429522924e+00
2.456746013191941636e+00
3.501189328882798879e+00
4.510649918138788017e+00
