-2.264235321645405179e+02
-2.261526906188891246e+02
-2.258818490732377597e+02
-2.256110075275864233e+02
-2.253401659819350300e+02
-2.250693244362836651e+02
-2.247984828906323003e+02
-2.245276413449809354e+02
-2.242567997993295705e+02
-2.239859582536782341e+02
-2.237151167080268124e+02
-2.234442751623754759e+02
-2.231734336167241111e+02
-2.229025920710727746e+02
-2.226317505254214097e+02
-2.223609089797700165e+02
-2.220900674341186516e+02
-2.218192258884673151e+02
-2.215483843428159503e+02
-2.212775427971646138e+02
-2.210067012515131921e+02
-2.207358597058618557e+02
-2.204650181602104908e+02
-2.201941766145591544e+02
-2.199233350689077326e+02
-2.196524935232563962e+02
-2.193816519776050313e+02
-2.191108104319536665e+02
-2.188399688863023016e+02
-2.185691273406509367e+02
-2.182982857949995434e+02
-2.180274442493482070e+02
-2.177566027036968421e+02
-2.174857611580455057e+02
-2.172149196123940840e+02
-2.169440780667427475e+02
-2.166732365210913827e+02
-2.164023949754400462e+02
-2.161315534297886813e+02
-2.158607118841372881e+02
-2.155898703384859232e+02
-2.153190287928345583e+02
-2.150481872471832219e+02
-2.147773457015318002e+02
-2.145065041558804637e+02
-2.142356626102290988e+02
-2.139648210645777624e+02
-2.136939795189263691e+02
-2.134231379732750042e+02
-2.131522964276236394e+02
-2.128814548819722745e+02
-2.126106133363209096e+02
-2.123397717906695732e+02
-2.120689302450181799e+02
-2.117980886993668150e+02
-2.115272471537154502e+02
-2.112564056080641137e+02
-2.109855640624127489e+02
-2.107147225167613556e+02
-2.104438809711099907e+02
-2.101730394254586543e+02
-2.099021978798072894e+02
-2.096313563341559529e+02
-2.093605147885045312e+02
-2.090896732428531948e+02
-2.088188316972018299e+02
-2.085479901515504935e+02
-2.082771486058990718e+02
-2.080063070602477353e+02
-2.077354655145963704e+02
-2.074646239689450340e+02
-2.071937824232936407e+02
-2.069229408776422758e+02
-2.066520993319909110e+02
-2.063812577863395461e+02
-2.061104162406881812e+02
-2.058395746950368448e+02
-2.055687331493854231e+02
-2.052978916037340866e+02
-2.050270500580827218e+02
-2.047562085124313569e+02
-2.044853669667800204e+02
-2.042145254211285987e+02
-2.039436838754772623e+02
-2.036728423298258974e+02
-2.034020007841745610e+02
-2.031311592385231393e+02
-2.028603176928718028e+02
-2.025894761472204380e+02
-2.023186346015691015e+02
-2.020477930559177366e+02
-2.017769515102663433e+02
-2.015061099646149785e+02
-2.012352684189636420e+02
-2.009644268733122487e+02
-2.006935853276609123e+02
-2.004227437820095190e+02
-2.001519022363581541e+02
-1.998810606907067893e+02
-1.996102191450554528e+02
-1.993393775994040880e+02
-1.990685360537526947e+02
-1.987976945081013298e+02
-1.985268529624499934e+02
-1.982560114167986285e+02
-1.979851698711472352e+02
-1.977143283254958703e+02
-1.974434867798445339e+02
-1.971726452341931690e+02
-1.969018036885418326e+02
-1.966309621428904109e+02
-1.963601205972390744e+02
-1.960892790515877095e+02
-1.958184375059363731e+02
-1.955475959602849798e+02
-1.952767544146336434e+02
-1.950059128689822501e+02
-1.947350713233308852e+02
-1.944642297776795203e+02
-1.941933882320281555e+02
-1.939225466863767906e+02
-1.936517051407253973e+02
-1.933808635950740609e+02
-1.931100220494226676e+02
-1.928391805037713311e+02
-1.925683389581199663e+02
-1.922974974124686014e+02
-1.920266558668172365e+02
-1.917558143211658717e+02
-1.914849727755145068e+02
-1.912141312298631419e+02
-1.909432896842117771e+02
-1.906724481385604406e+02
-1.904016065929090473e+02
-1.901307650472577109e+02
-1.898599235016063176e+02
-1.895890819559549811e+02
-1.893182404103035879e+02
-1.890473988646522514e+02
-1.887765573190008581e+02
-1.885057157733494932e+02
-1.882348742276981284e+02
-1.879640326820467635e+02
-1.876931911363953986e+02
-1.874223495907440622e+02
-1.871515080450926689e+02
-1.868806664994413325e+02
-1.866098249537899392e+02
-1.863389834081386027e+02
-1.860681418624872094e+02
-1.857973003168358730e+02
-1.855264587711845081e+02
-1.852556172255331433e+02
-1.849847756798817784e+02
-1.847139341342304135e+02
-1.844430925885790487e+02
-1.841722510429277122e+02
-1.839014094972763189e+02
-1.836305679516249540e+02
-1.833597264059735892e+02
-1.830888848603221959e+02
-1.828180433146708594e+02
-1.825472017690194662e+02
-1.822763602233681297e+02
-1.820055186777167364e+02
-1.817346771320654000e+02
-1.814638355864140067e+02
-1.811929940407626702e+02
-1.809221524951113054e+02
-1.806513109494599405e+02
-1.803804694038085756e+02
-1.801096278581572108e+02
-1.798387863125058459e+02
-1.795679447668544810e+02
-1.792971032212031162e+02
-1.790262616755517797e+02
-1.787554201299003864e+02
-1.784845785842490500e+02
-1.782137370385976567e+02
-1.779428954929463202e+02
-1.776720539472949270e+02
-1.774012124016435905e+02
-1.771303708559921972e+02
-1.768595293103408608e+02
-1.765886877646894675e+02
-1.763178462190381026e+02
-1.760470046733867377e+02
-1.757761631277354013e+02
-1.755053215820840080e+02
-1.752344800364326716e+02
-1.749636384907812783e+02
-1.746927969451299418e+02
-1.744219553994785485e+02
-1.741511138538272121e+02
-1.738802723081758472e+02
-1.736094307625244824e+02
-1.733385892168731175e+02
-1.730677476712217526e+02
-1.727969061255703878e+02
-1.725260645799189945e+02
-1.722552230342676580e+02
-1.719843814886162932e+02
-1.717135399429649283e+02
-1.714426983973135634e+02
-1.711718568516621986e+02
-1.709010153060108053e+02
-1.706301737603594688e+02
-1.703593322147080755e+02
-1.700884906690567391e+02
-1.698176491234053458e+02
-1.695468075777540093e+02
-1.692759660321026161e+02
-1.690051244864512796e+02
-1.687342829407999147e+02
-1.684634413951485499e+02
-1.681925998494971850e+02
-1.679217583038458201e+02
-1.676509167581944553e+02
-1.673800752125431188e+02
-1.671092336668917255e+02
-1.668383921212403891e+02
-1.665675505755889958e+02
-1.662967090299376594e+02
-1.660258674842862661e+02
-1.657550259386349296e+02
-1.654841843929835363e+02
-1.652133428473321999e+02
-1.649425013016808066e+02
-1.646716597560294701e+02
-1.644008182103780769e+02
-1.641299766647267120e+02
-1.638591351190753471e+02
-1.635882935734240107e+02
-1.633174520277726174e+02
-1.630466104821212809e+02
-1.627757689364698876e+02
-1.625049273908185512e+02
-1.622340858451671863e+02
-1.619632442995157930e+02
-1.616924027538644566e+02
-1.614215612082130633e+02
-1.611507196625617269e+02
-1.608798781169103336e+02
-1.606090365712589971e+02
-1.603381950256076323e+02
-1.600673534799562674e+02
-1.597965119343049025e+02
-1.595256703886535377e+02
-1.592548288430021728e+02
-1.589839872973508079e+02
-1.587131457516994146e+02
-1.584423042060480782e+02
-1.581714626603966849e+02
-1.579006211147453485e+02
-1.576297795690939552e+02
-1.573589380234426187e+02
-1.570880964777912538e+02
-1.568172549321398890e+02
-1.565464133864885241e+02
-1.562755718408371592e+02
-1.560047302951857944e+02
-1.557338887495344295e+02
-1.554630472038830646e+02
-1.551922056582317282e+02
-1.549213641125803349e+02
-1.546505225669289985e+02
-1.543796810212776052e+02
-1.541088394756262687e+02
-1.538379979299749039e+02
-1.535671563843235390e+02
-1.532963148386721457e+02
-1.530254732930208093e+02
-1.527546317473694160e+02
-1.524837902017180795e+02
-1.522129486560666862e+02
-1.519421071104153498e+02
-1.516712655647639565e+02
-1.514004240191126200e+02
-1.511295824734612268e+02
-1.508587409278098619e+02
-1.505878993821584970e+02
-1.503170578365071322e+02
-1.500462162908557957e+02
-1.497753747452044024e+02
-1.495045331995530660e+02
-1.492336916539016727e+02
-1.489628501082503362e+02
-1.486920085625989714e+02
-1.484211670169476065e+02
-1.481503254712962416e+02
-1.478794839256448768e+02
-1.476086423799935119e+02
-1.473378008343421470e+02
-1.470669592886907822e+02
-1.467961177430394173e+02
-1.465252761973880240e+02
-1.462544346517366876e+02
-1.459835931060852943e+02
-1.457127515604339578e+02
-1.454419100147825645e+02
-1.451710684691312281e+02
-1.449002269234798632e+02
-1.446293853778284983e+02
-1.443585438321771335e+02
-1.440877022865257686e+02
-1.438168607408744037e+02
-1.435460191952230673e+02
-1.432751776495716740e+02
-1.430043361039203376e+02
-1.427334945582689443e+02
-1.424626530126176078e+02
-1.421918114669662145e+02
-1.419209699213148781e+02
-1.416501283756635132e+02
-1.413792868300121484e+02
-1.411084452843607551e+02
-1.408376037387094186e+02
-1.405667621930580253e+02
-1.402959206474066605e+02
-1.400250791017552956e+02
-1.397542375561039307e+02
-1.394833960104525659e+02
-1.392125544648012010e+02
-1.389417129191498361e+02
-1.386708713734984713e+02
-1.384000298278471348e+02
-1.381291882821957415e+02
-1.378583467365444051e+02
-1.375875051908930118e+02
-1.373166636452416753e+02
-1.370458220995902821e+02
-1.367749805539389456e+02
-1.365041390082875807e+02
-1.362332974626362159e+02
-1.359624559169848510e+02
-1.356916143713334861e+02
-1.354207728256821213e+02
-1.351499312800307564e+02
-1.348790897343793915e+02
-1.346082481887280267e+02
-1.343374066430766334e+02
-1.340665650974252969e+02
-1.337957235517739036e+02
-1.335248820061225672e+02
-1.332540404604712023e+02
-1.329831989148198375e+02
-1.327123573691684726e+02
-1.324415158235171077e+02
-1.321706742778657429e+02
-1.318998327322144064e+02
-1.316289911865630131e+02
-1.313581496409116767e+02
-1.310873080952602834e+02
-1.308164665496089469e+02
-1.305456250039575536e+02
-1.302747834583062172e+02
-1.300039419126548523e+02
-1.297331003670034875e+02
-1.294622588213521226e+02
-1.291914172757007293e+02
-1.289205757300493644e+02
-1.286497341843979996e+02
-1.283788926387466347e+02
-1.281080510930952698e+02
-1.278372095474439050e+02
-1.275663680017925543e+02
-1.272955264561411752e+02
-1.270246849104898246e+02
-1.267538433648384739e+02
-1.264830018191870948e+02
-1.262121602735357442e+02
-1.259413187278843651e+02
-1.256704771822330144e+02
-1.253996356365816354e+02
-1.251287940909302847e+02
-1.248579525452789198e+02
-1.245871109996275550e+02
-1.243162694539761901e+02
-1.240454279083248110e+02
-1.237745863626734462e+02
-1.235037448170220671e+02
-1.232329032713707164e+02
-1.229620617257193658e+02
-1.226912201800679867e+02
-1.224203786344166360e+02
-1.221495370887652570e+02
-1.218786955431139063e+02
-1.216078539974625414e+02
-1.213370124518111766e+02
-1.210661709061598117e+02
-1.207953293605084326e+02
-1.205244878148570820e+02
-1.202536462692057029e+02
-1.199828047235543522e+02
-1.197119631779030016e+02
-1.194411216322516225e+02
-1.191702800866002718e+02
-1.188994385409488928e+02
-1.186285969952975421e+02
-1.183577554496461772e+02
-1.180869139039947981e+02
-1.178160723583434475e+02
-1.175452308126920684e+02
-1.172743892670407178e+02
-1.170035477213893387e+02
-1.167327061757379880e+02
-1.164618646300866374e+02
-1.161910230844352583e+02
-1.159201815387839076e+02
-1.156493399931325285e+02
-1.153784984474811637e+02
-1.151076569018297988e+02
-1.148368153561784339e+02
-1.145659738105270833e+02
-1.142951322648757042e+02
-1.140242907192243536e+02
-1.137534491735729745e+02
-1.134826076279216238e+02
-1.132117660822702589e+02
-1.129409245366188799e+02
-1.126700829909675150e+02
-1.123992414453161501e+02
-1.121283998996647853e+02
-1.118575583540134062e+02
-1.115867168083620555e+02
-1.113158752627107049e+02
-1.110450337170593258e+02
-1.107741921714079751e+02
-1.105033506257565961e+02
-1.102325090801052454e+02
-1.099616675344538663e+02
-1.096908259888025157e+02
-1.094199844431511508e+02
-1.091491428974997717e+02
-1.088783013518484211e+02
-1.086074598061970420e+02
-1.083366182605456913e+02
-1.080657767148943407e+02
-1.077949351692429616e+02
-1.075240936235916109e+02
-1.072532520779402319e+02
-1.069824105322888812e+02
-1.067115689866375021e+02
-1.064407274409861373e+02
-1.061698858953347866e+02
-1.058990443496834075e+02
-1.056282028040320569e+02
-1.053573612583806778e+02
-1.050865197127293271e+02
-1.048156781670779765e+02
-1.045448366214265974e+02
-1.042739950757752467e+02
-1.040031535301238677e+02
-1.037323119844725170e+02
-1.034614704388211379e+02
-1.031906288931697731e+02
-1.029197873475184224e+02
-1.026489458018670433e+02
-1.023781042562156784e+02
-1.021072627105642994e+02
-1.018364211649129487e+02
-1.015655796192615696e+02
-1.012947380736102190e+02
-1.010238965279588683e+02
-1.007530549823074892e+02
-1.004822134366561244e+02
-1.002113718910047595e+02
-9.994053034535339464e+01
-9.966968879970204398e+01
-9.939884725405066490e+01
-9.912800570839931424e+01
-9.885716416274793517e+01
-9.858632261709658451e+01
-9.831548107144520543e+01
-9.804463952579385477e+01
-9.777379798014248991e+01
-9.750295643449112504e+01
-9.723211488883976017e+01
-9.696127334318839530e+01
-9.669043179753703043e+01
-9.641959025188566557e+01
-9.614874870623430070e+01
-9.587790716058293583e+01
-9.560706561493157096e+01
-9.533622406928022031e+01
-9.506538252362885544e+01
-9.479454097797749057e+01
-9.452369943232612570e+01
-9.425285788667474662e+01
-9.398201634102338176e+01
-9.371117479537203110e+01
-9.344033324972066623e+01
-9.316949170406930136e+01
-9.289865015841793650e+01
-9.262780861276657163e+01
-9.235696706711520676e+01
-9.208612552146385610e+01
-9.181528397581247702e+01
-9.154444243016109795e+01
-9.127360088450973308e+01
-9.100275933885836821e+01
-9.073191779320700334e+01
-9.046107624755565269e+01
-9.019023470190428782e+01
-8.991939315625292295e+01
-8.964855161060155808e+01
-8.937771006495019321e+01
-8.910686851929882835e+01
-8.883602697364746348e+01
-8.856518542799609861e+01
-8.829434388234473374e+01
-8.802350233669336887e+01
-8.775266079104200401e+01
-8.748181924539063914e+01
-8.721097769973927427e+01
-8.694013615408792361e+01
-8.666929460843655875e+01
-8.639845306278519388e+01
-8.612761151713382901e+01
-8.585676997148246414e+01
-8.558592842583109928e+01
-8.531508688017973441e+01
-8.504424533452836954e+01
-8.477340378887700467e+01
-8.450256224322563980e+01
-8.423172069757427494e+01
-8.396087915192291007e+01
-8.369003760627155941e+01
-8.341919606062019454e+01
-8.314835451496882968e+01
-8.287751296931746481e+01
-8.260667142366609994e+01
-8.233582987801473507e+01
-8.206498833236335599e+01
-8.179414678671200534e+01
-8.152330524106064047e+01
-8.125246369540927560e+01
-8.098162214975789652e+01
-8.071078060410653165e+01
-8.043993905845516679e+01
-8.016909751280381613e+01
-7.989825596715245126e+01
-7.962741442150108639e+01
-7.935657287584970732e+01
-7.908573133019834245e+01
-7.881488978454697758e+01
-7.854404823889562692e+01
-7.827320669324426206e+01
-7.800236514759289719e+01
-7.773152360194153232e+01
-7.746068205629016745e+01
-7.718984051063880258e+01
-7.691899896498745193e+01
-7.664815741933607285e+01
-7.637731587368470798e+01
-7.610647432803334311e+01
-7.583563278238197825e+01
-7.556479123673061338e+01
-7.529394969107924851e+01
-7.502310814542789785e+01
-7.475226659977653298e+01
-7.448142505412516812e+01
-7.421058350847380325e+01
-7.393974196282243838e+01
-7.366890041717107351e+01
-7.339805887151970865e+01
-7.312721732586834378e+01
-7.285637578021697891e+01
-7.258553423456561404e+01
-7.231469268891424917e+01
-7.204385114326288431e+01
-7.177300959761153365e+01
-7.150216805196016878e+01
-7.123132650630880391e+01
-7.096048496065743905e+01
-7.068964341500607418e+01
-7.041880186935470931e+01
-7.014796032370333023e+01
-6.987711877805196536e+01
-6.960627723240060050e+01
-6.933543568674923563e+01
-6.906459414109787076e+01
-6.879375259544650589e+01
-6.852291104979514103e+01
-6.825206950414379037e+01
-6.798122795849242550e+01
-6.771038641284106063e+01
-6.743954486718969576e+01
-6.716870332153831669e+01
-6.689786177588695182e+01
-6.662702023023560116e+01
-6.635617868458423629e+01
-6.608533713893287143e+01
-6.581449559328150656e+01
-6.554365404763014169e+01
-6.527281250197877682e+01
-6.500197095632742617e+01
-6.473112941067606130e+01
-6.446028786502468222e+01
-6.418944631937331735e+01
-6.391860477372195248e+01
-6.364776322807058762e+01
-6.337692168241923696e+01
-6.310608013676787209e+01
-6.283523859111650722e+01
-6.256439704546514236e+01
-6.229355549981377749e+01
-6.202271395416240551e+01
-6.175187240851103354e+01
-6.148103086285968288e+01
-6.121018931720831802e+01
-6.093934777155695315e+01
-6.066850622590558828e+01
-6.039766468025421631e+01
-6.012682313460285144e+01
-5.985598158895150078e+01
-5.958514004330013591e+01
-5.931429849764877105e+01
-5.904345695199739907e+01
-5.877261540634603421e+01
-5.850177386069466934e+01
-5.823093231504331868e+01
-5.796009076939195381e+01
-5.768924922374058184e+01
-5.741840767808921697e+01
-5.714756613243785210e+01
-5.687672458678648724e+01
-5.660588304113512947e+01
-5.633504149548375750e+01
-5.606419994983239263e+01
-5.579335840418102777e+01
-5.552251685852966290e+01
-5.525167531287829803e+01
-5.498083376722693316e+01
-5.470999222157557540e+01
-5.443915067592421053e+01
-5.416830913027284566e+01
-5.389746758462148080e+01
-5.362662603897011593e+01
-5.335578449331875106e+01
-5.308494294766739330e+01
-5.281410140201602843e+01
-5.254325985636466356e+01
-5.227241831071329869e+01
-5.200157676506193383e+01
-5.173073521941056896e+01
-5.145989367375921120e+01
-5.118905212810783922e+01
-5.091821058245647436e+01
-5.064736903680510949e+01
-5.037652749115374462e+01
-5.010568594550237975e+01
-4.983484439985102199e+01
-4.956400285419965712e+01
-4.929316130854829225e+01
-4.902231976289692739e+01
-4.875147821724556252e+01
-4.848063667159419765e+01
-4.820979512594283278e+01
-4.793895358029146792e+01
-4.766811203464011015e+01
-4.739727048898874529e+01
-4.712642894333737331e+01
-4.685558739768601555e+01
-4.658474585203465068e+01
-4.631390430638328581e+01
-4.604306276073192805e+01
-4.577222121508054897e+01
-4.550137966942918410e+01
-4.523053812377782634e+01
-4.495969657812646147e+01
-4.468885503247509661e+01
-4.441801348682373174e+01
-4.414717194117236687e+01
-4.387633039552100200e+01
-4.360548884986963714e+01
-4.333464730421827937e+01
-4.306380575856691451e+01
-4.279296421291554964e+01
-4.252212266726418477e+01
-4.225128112161281990e+01
-4.198043957596145503e+01
-4.170959803031009727e+01
-4.143875648465873240e+01
-4.116791493900736754e+01
-4.089707339335600267e+01
-4.062623184770463780e+01
-4.035539030205326583e+01
-4.008454875640190807e+01
-3.981370721075054320e+01
-3.954286566509917122e+01
-3.927202411944781346e+01
-3.900118257379644859e+01
-3.873034102814508373e+01
-3.845949948249372596e+01
-3.818865793684235399e+01
-3.791781639119098912e+01
-3.764697484553962425e+01
-3.737613329988826649e+01
-3.710529175423690162e+01
-3.683445020858553676e+01
-3.656360866293417189e+01
-3.629276711728280702e+01
-3.602192557163144215e+01
-3.575108402598008439e+01
-3.548024248032871952e+01
-3.520940093467735466e+01
-3.493855938902598268e+01
-3.466771784337461781e+01
-3.439687629772325295e+01
-3.412603475207189518e+01
-3.385519320642053032e+01
-3.358435166076915834e+01
-3.331351011511780058e+01
-3.304266856946643571e+01
-3.277182702381507085e+01
-3.250098547816371308e+01
-3.223014393251234111e+01
-3.195930238686097624e+01
-3.168846084120961848e+01
-3.141761929555825361e+01
-3.114677774990688874e+01
-3.087593620425551677e+01
-3.060509465860415901e+01
-3.033425311295279414e+01
-3.006341156730142572e+01
-2.979257002165006796e+01
-2.952172847599869954e+01
-2.925088693034733467e+01
-2.898004538469597691e+01
-2.870920383904460849e+01
-2.843836229339324362e+01
-2.816752074774187875e+01
-2.789667920209051388e+01
-2.762583765643914901e+01
-2.735499611078778770e+01
-2.708415456513642283e+01
-2.681331301948505796e+01
-2.654247147383369665e+01
-2.627162992818233178e+01
-2.600078838253096691e+01
-2.572994683687960560e+01
-2.545910529122823718e+01
-2.518826374557687231e+01
-2.491742219992551099e+01
-2.464658065427414613e+01
-2.437573910862278126e+01
-2.410489756297141639e+01
-2.383405601732005508e+01
-2.356321447166868666e+01
-2.329237292601732534e+01
-2.302153138036596403e+01
-2.275068983471459205e+01
-2.247984828906323074e+01
-2.220900674341186587e+01
-2.193816519776050100e+01
-2.166732365210913969e+01
-2.139648210645777482e+01
-2.112564056080640995e+01
-2.085479901515504864e+01
-2.058395746950368377e+01
-2.031311592385231890e+01
-2.004227437820095403e+01
-1.977143283254958561e+01
-1.950059128689822430e+01
-1.922974974124686298e+01
-1.895890819559549456e+01
-1.868806664994413325e+01
-1.841722510429276838e+01
-1.814638355864140351e+01
-1.787554201299004220e+01
-1.760470046733867733e+01
-1.733385892168730891e+01
-1.706301737603594759e+01
-1.679217583038457917e+01
-1.652133428473321786e+01
-1.625049273908185654e+01
-1.597965119343048812e+01
-1.570880964777912681e+01
-1.543796810212775839e+01
-1.516712655647639707e+01
-1.489628501082503398e+01
-1.462544346517366733e+01
-1.435460191952230424e+01
-1.408376037387093938e+01
-1.381291882821957451e+01
-1.354207728256821142e+01
-1.327123573691684832e+01
-1.300039419126548346e+01
-1.272955264561411859e+01
-1.245871109996275550e+01
-1.218786955431139063e+01
-1.191702800866002754e+01
-1.164618646300866267e+01
-1.137534491735729603e+01
-1.110450337170593293e+01
-1.083366182605456984e+01
-1.056282028040320498e+01
-1.029197873475184188e+01
-1.002113718910047702e+01
-9.750295643449112148e+00
-9.479454097797747281e+00
-9.208612552146384189e+00
-8.937771006495021098e+00
-8.666929460843654454e+00
-8.396087915192289586e+00
-8.125246369540928271e+00
-7.854404823889563403e+00
-7.583563278238198535e+00
-7.312721732586833667e+00
-7.041880186935469688e+00
-6.771038641284105708e+00
-6.500197095632741728e+00
-6.229355549981377749e+00
-5.958514004330013769e+00
-5.687672458678648013e+00
-5.416830913027284922e+00
-5.145989367375920942e+00
-4.875147821724556074e+00
-4.604306276073192095e+00
-4.333464730421827227e+00
-4.062623184770464135e+00
-3.791781639119099268e+00
-3.520940093467734844e+00
-3.250098547816370864e+00
-2.979257002165006885e+00
-2.708415456513642461e+00
-2.437573910862278037e+00
-2.166732365210913613e+00
-1.895890819559549634e+00
-1.625049273908185432e+00
-1.354207728256821230e+00
-1.083366182605456807e+00
-8.125246369540927160e-01
-5.416830913027284033e-01
-2.708415456513642017e-01
0.000000000000000000e+00
2.708415456513642017e-01
5.416830913027284033e-01
8.125246369540927160e-01
1.083366182605456807e+00
1.354207728256821230e+00
1.625049273908185432e+00
1.895890819559549634e+00
2.166732365210913613e+00
2.437573910862278037e+00
2.708415456513642461e+00
2.979257002165006885e+00
3.250098547816370864e+00
3.520940093467734844e+00
3.791781639119099268e+00
4.062623184770464135e+00
4.333464730421827227e+00
4.604306276073192095e+00
4.875147821724556074e+00
5.145989367375920942e+00
5.416830913027284922e+00
5.687672458678648013e+00
5.958514004330013769e+00
6.229355549981377749e+00
6.500197095632741728e+00
6.771038641284105708e+00
7.041880186935469688e+00
7.312721732586833667e+00
7.583563278238198535e+00
7.854404823889563403e+00
8.125246369540928271e+00
8.396087915192289586e+00
8.666929460843654454e+00
8.937771006495021098e+00
9.208612552146384189e+00
9.479454097797747281e+00
9.750295643449112148e+00
1.002113718910047702e+01
1.029197873475184188e+01
1.056282028040320498e+01
1.083366182605456984e+01
1.110450337170593293e+01
1.137534491735729603e+01
1.164618646300866267e+01
1.191702800866002754e+01
1.218786955431139063e+01
1.245871109996275550e+01
1.272955264561411859e+01
1.300039419126548346e+01
1.327123573691684832e+01
1.354207728256821142e+01
1.381291882821957451e+01
1.408376037387093938e+01
1.435460191952230424e+01
1.462544346517366733e+01
1.489628501082503398e+01
1.516712655647639707e+01
1.543796810212775839e+01
1.570880964777912681e+01
1.597965119343048812e+01
1.625049273908185654e+01
1.652133428473321786e+01
1.679217583038457917e+01
1.706301737603594759e+01
1.733385892168730891e+01
1.760470046733867733e+01
1.787554201299004220e+01
1.814638355864140351e+01
1.841722510429276838e+01
1.868806664994413325e+01
1.895890819559549456e+01
1.922974974124686298e+01
1.950059128689822430e+01
1.977143283254958561e+01
2.004227437820095403e+01
2.031311592385231890e+01
2.058395746950368377e+01
2.085479901515504864e+01
2.112564056080640995e+01
2.139648210645777482e+01
2.166732365210913969e+01
2.193816519776050100e+01
2.220900674341186587e+01
2.247984828906323074e+01
2.275068983471459205e+01
2.302153138036596403e+01
2.329237292601732534e+01
2.356321447166868666e+01
2.383405601732005508e+01
2.410489756297141639e+01
2.437573910862278126e+01
2.464658065427414613e+01
2.491742219992551099e+01
2.518826374557687231e+01
2.545910529122823718e+01
2.572994683687960560e+01
2.600078838253096691e+01
2.627162992818233178e+01
2.654247147383369665e+01
2.681331301948505796e+01
2.708415456513642283e+01
2.735499611078778770e+01
2.762583765643914901e+01
2.789667920209051388e+01
2.816752074774187875e+01
2.843836229339324362e+01
2.870920383904460849e+01
2.898004538469597691e+01
2.925088693034733467e+01
2.952172847599869954e+01
2.979257002165006796e+01
3.006341156730142572e+01
3.033425311295279414e+01
3.060509465860415901e+01
3.087593620425551677e+01
3.114677774990688874e+01
3.141761929555825361e+01
3.168846084120961848e+01
3.195930238686097624e+01
3.223014393251234111e+01
3.250098547816371308e+01
3.277182702381507085e+01
3.304266856946643571e+01
3.331351011511780058e+01
3.358435166076915834e+01
3.385519320642053032e+01
3.412603475207189518e+01
3.439687629772325295e+01
3.466771784337461781e+01
3.493855938902598268e+01
3.520940093467735466e+01
3.548024248032871952e+01
3.575108402598008439e+01
3.602192557163144215e+01
3.629276711728280702e+01
3.656360866293417189e+01
3.683445020858553676e+01
3.710529175423690162e+01
3.737613329988826649e+01
3.764697484553962425e+01
3.791781639119098912e+01
3.818865793684235399e+01
3.845949948249372596e+01
3.873034102814508373e+01
3.900118257379644859e+01
3.927202411944781346e+01
3.954286566509917122e+01
3.981370721075054320e+01
4.008454875640190807e+01
4.035539030205326583e+01
4.062623184770463780e+01
4.089707339335600267e+01
4.116791493900736754e+01
4.143875648465873240e+01
4.170959803031009727e+01
4.198043957596145503e+01
4.225128112161281990e+01
4.252212266726418477e+01
4.279296421291554964e+01
4.306380575856691451e+01
4.333464730421827937e+01
4.360548884986963714e+01
4.387633039552100200e+01
4.414717194117236687e+01
4.441801348682373174e+01
4.468885503247509661e+01
4.495969657812646147e+01
4.523053812377782634e+01
4.550137966942918410e+01
4.577222121508054897e+01
4.604306276073192805e+01
4.631390430638328581e+01
4.658474585203465068e+01
4.685558739768601555e+01
4.712642894333737331e+01
4.739727048898874529e+01
4.766811203464011015e+01
4.793895358029146792e+01
4.820979512594283278e+01
4.848063667159419765e+01
4.875147821724556252e+01
4.902231976289692739e+01
4.929316130854829225e+01
4.956400285419965712e+01
4.983484439985102199e+01
5.010568594550237975e+01
5.037652749115374462e+01
5.064736903680510949e+01
5.091821058245647436e+01
5.118905212810783922e+01
5.145989367375921120e+01
5.173073521941056896e+01
5.200157676506193383e+01
5.227241831071329869e+01
5.254325985636466356e+01
5.281410140201602843e+01
5.308494294766739330e+01
5.335578449331875106e+01
5.362662603897011593e+01
5.389746758462148080e+01
5.416830913027284566e+01
5.443915067592421053e+01
5.470999222157557540e+01
5.498083376722693316e+01
5.525167531287829803e+01
5.552251685852966290e+01
5.579335840418102777e+01
5.606419994983239263e+01
5.633504149548375750e+01
5.660588304113512947e+01
5.687672458678648724e+01
5.714756613243785210e+01
5.741840767808921697e+01
5.768924922374058184e+01
5.796009076939195381e+01
5.823093231504331868e+01
5.850177386069466934e+01
5.877261540634603421e+01
5.904345695199739907e+01
5.931429849764877105e+01
5.958514004330013591e+01
5.985598158895150078e+01
6.012682313460285144e+01
6.039766468025421631e+01
6.066850622590558828e+01
6.093934777155695315e+01
6.121018931720831802e+01
6.148103086285968288e+01
6.175187240851103354e+01
6.202271395416240551e+01
6.229355549981377749e+01
6.256439704546514236e+01
6.283523859111650722e+01
6.310608013676787209e+01
6.337692168241923696e+01
6.364776322807058762e+01
6.391860477372195248e+01
6.418944631937331735e+01
6.446028786502468222e+01
6.473112941067606130e+01
6.500197095632742617e+01
6.527281250197877682e+01
6.554365404763014169e+01
6.581449559328150656e+01
6.608533713893287143e+01
6.635617868458423629e+01
6.662702023023560116e+01
6.689786177588695182e+01
6.716870332153831669e+01
6.743954486718969576e+01
6.771038641284106063e+01
6.798122795849242550e+01
6.825206950414379037e+01
6.852291104979514103e+01
6.879375259544650589e+01
6.906459414109787076e+01
6.933543568674923563e+01
6.960627723240060050e+01
6.987711877805196536e+01
7.014796032370333023e+01
7.041880186935470931e+01
7.068964341500607418e+01
7.096048496065743905e+01
7.123132650630880391e+01
7.150216805196016878e+01
7.177300959761153365e+01
7.204385114326288431e+01
7.231469268891424917e+01
7.258553423456561404e+01
7.285637578021697891e+01
7.312721732586834378e+01
7.339805887151970865e+01
7.366890041717107351e+01
7.393974196282243838e+01
7.421058350847380325e+01
7.448142505412516812e+01
7.475226659977653298e+01
7.502310814542789785e+01
7.529394969107924851e+01
7.556479123673061338e+01
7.583563278238197825e+01
7.610647432803334311e+01
7.637731587368470798e+01
7.664815741933607285e+01
7.691899896498745193e+01
7.718984051063880258e+01
7.746068205629016745e+01
7.773152360194153232e+01
7.800236514759289719e+01
7.827320669324426206e+01
7.854404823889562692e+01
7.881488978454697758e+01
7.908573133019834245e+01
7.935657287584970732e+01
7.962741442150108639e+01
7.989825596715245126e+01
8.016909751280381613e+01
8.043993905845516679e+01
8.071078060410653165e+01
8.098162214975789652e+01
8.125246369540927560e+01
8.152330524106064047e+01
8.179414678671200534e+01
8.206498833236335599e+01
8.233582987801473507e+01
8.260667142366609994e+01
8.287751296931746481e+01
8.314835451496882968e+01
8.341919606062019454e+01
8.369003760627155941e+01
8.396087915192291007e+01
8.423172069757427494e+01
8.450256224322563980e+01
8.477340378887700467e+01
8.504424533452836954e+01
8.531508688017973441e+01
8.558592842583109928e+01
8.585676997148246414e+01
8.612761151713382901e+01
8.639845306278519388e+01
8.666929460843655875e+01
8.694013615408792361e+01
8.721097769973927427e+01
8.748181924539063914e+01
8.775266079104200401e+01
8.802350233669336887e+01
8.829434388234473374e+01
8.856518542799609861e+01
8.883602697364746348e+01
8.910686851929882835e+01
8.937771006495019321e+01
8.964855161060155808e+01
8.991939315625292295e+01
9.019023470190428782e+01
9.046107624755565269e+01
9.073191779320700334e+01
9.100275933885836821e+01
9.127360088450973308e+01
9.154444243016109795e+01
9.181528397581247702e+01
9.208612552146385610e+01
9.235696706711520676e+01
9.262780861276657163e+01
9.289865015841793650e+01
9.316949170406930136e+01
9.344033324972066623e+01
9.371117479537203110e+01
9.398201634102338176e+01
9.425285788667474662e+01
9.452369943232612570e+01
9.479454097797749057e+01
9.506538252362885544e+01
9.533622406928022031e+01
9.560706561493157096e+01
9.587790716058293583e+01
9.614874870623430070e+01
9.641959025188566557e+01
9.669043179753703043e+01
9.696127334318839530e+01
9.723211488883976017e+01
9.750295643449112504e+01
9.777379798014248991e+01
9.804463952579385477e+01
9.831548107144520543e+01
9.858632261709658451e+01
9.885716416274793517e+01
9.912800570839931424e+01
9.939884725405066490e+01
9.966968879970204398e+01
9.994053034535339464e+01
1.002113718910047595e+02
1.004822134366561244e+02
1.007530549823074892e+02
1.010238965279588683e+02
1.012947380736102190e+02
1.015655796192615696e+02
1.018364211649129487e+02
1.021072627105642994e+02
1.023781042562156784e+02
1.026489458018670433e+02
1.029197873475184224e+02
1.031906288931697731e+02
1.034614704388211379e+02
1.037323119844725170e+02
1.040031535301238677e+02
1.042739950757752467e+02
1.045448366214265974e+02
1.048156781670779765e+02
1.050865197127293271e+02
1.053573612583806778e+02
1.056282028040320569e+02
1.058990443496834075e+02
1.061698858953347866e+02
1.064407274409861373e+02
1.067115689866375021e+02
1.069824105322888812e+02
1.072532520779402319e+02
1.075240936235916109e+02
1.077949351692429616e+02
1.080657767148943407e+02
1.083366182605456913e+02
1.086074598061970420e+02
1.088783013518484211e+02
1.091491428974997717e+02
1.094199844431511508e+02
1.096908259888025157e+02
1.099616675344538663e+02
1.102325090801052454e+02
1.105033506257565961e+02
1.107741921714079751e+02
1.110450337170593258e+02
1.113158752627107049e+02
1.115867168083620555e+02
1.118575583540134062e+02
1.121283998996647853e+02
1.123992414453161501e+02
1.126700829909675150e+02
1.129409245366188799e+02
1.132117660822702589e+02
1.134826076279216238e+02
1.137534491735729745e+02
1.140242907192243536e+02
1.142951322648757042e+02
1.145659738105270833e+02
1.148368153561784339e+02
1.151076569018297988e+02
1.153784984474811637e+02
1.156493399931325285e+02
1.159201815387839076e+02
1.161910230844352583e+02
1.164618646300866374e+02
1.167327061757379880e+02
1.170035477213893387e+02
1.172743892670407178e+02
1.175452308126920684e+02
1.178160723583434475e+02
1.180869139039947981e+02
1.183577554496461772e+02
1.186285969952975421e+02
1.188994385409488928e+02
1.191702800866002718e+02
1.194411216322516225e+02
1.197119631779030016e+02
1.199828047235543522e+02
1.202536462692057029e+02
1.205244878148570820e+02
1.207953293605084326e+02
1.210661709061598117e+02
1.213370124518111766e+02
1.216078539974625414e+02
1.218786955431139063e+02
1.221495370887652570e+02
1.224203786344166360e+02
1.226912201800679867e+02
1.229620617257193658e+02
1.232329032713707164e+02
1.235037448170220671e+02
1.237745863626734462e+02
1.240454279083248110e+02
1.243162694539761901e+02
1.245871109996275550e+02
1.248579525452789198e+02
1.251287940909302847e+02
1.253996356365816354e+02
1.256704771822330144e+02
1.259413187278843651e+02
1.262121602735357442e+02
1.264830018191870948e+02
1.267538433648384739e+02
1.270246849104898246e+02
1.272955264561411752e+02
1.275663680017925543e+02
1.278372095474439050e+02
1.281080510930952698e+02
1.283788926387466347e+02
1.286497341843979996e+02
1.289205757300493644e+02
1.291914172757007293e+02
1.294622588213521226e+02
1.297331003670034875e+02
1.300039419126548523e+02
1.302747834583062172e+02
1.305456250039575536e+02
1.308164665496089469e+02
1.310873080952602834e+02
1.313581496409116767e+02
1.316289911865630131e+02
1.318998327322144064e+02
1.321706742778657429e+02
1.324415158235171077e+02
1.327123573691684726e+02
1.329831989148198375e+02
1.332540404604712023e+02
1.335248820061225672e+02
1.337957235517739036e+02
1.340665650974252969e+02
1.343374066430766334e+02
1.346082481887280267e+02
1.348790897343793915e+02
1.351499312800307564e+02
1.354207728256821213e+02
1.356916143713334861e+02
1.359624559169848510e+02
1.362332974626362159e+02
1.365041390082875807e+02
1.367749805539389456e+02
1.370458220995902821e+02
1.373166636452416753e+02
1.375875051908930118e+02
1.378583467365444051e+02
1.381291882821957415e+02
1.384000298278471348e+02
1.386708713734984713e+02
1.389417129191498361e+02
1.392125544648012010e+02
1.394833960104525659e+02
1.397542375561039307e+02
1.400250791017552956e+02
1.402959206474066605e+02
1.405667621930580253e+02
1.408376037387094186e+02
1.411084452843607551e+02
1.413792868300121484e+02
1.416501283756635132e+02
1.419209699213148781e+02
1.421918114669662145e+02
1.424626530126176078e+02
1.427334945582689443e+02
1.430043361039203376e+02
1.432751776495716740e+02
1.435460191952230673e+02
1.438168607408744037e+02
1.440877022865257686e+02
1.443585438321771335e+02
1.446293853778284983e+02
1.449002269234798632e+02
1.451710684691312281e+02
1.454419100147825645e+02
1.457127515604339578e+02
1.459835931060852943e+02
1.462544346517366876e+02
1.465252761973880240e+02
1.467961177430394173e+02
1.470669592886907822e+02
1.473378008343421470e+02
1.476086423799935119e+02
1.478794839256448768e+02
1.481503254712962416e+02
1.484211670169476065e+02
1.486920085625989714e+02
1.489628501082503362e+02
1.492336916539016727e+02
1.495045331995530660e+02
1.497753747452044024e+02
1.500462162908557957e+02
1.503170578365071322e+02
1.505878993821584970e+02
1.508587409278098619e+02
1.511295824734612268e+02
1.514004240191126200e+02
1.516712655647639565e+02
1.519421071104153498e+02
1.522129486560666862e+02
1.524837902017180795e+02
1.527546317473694160e+02
1.530254732930208093e+02
1.532963148386721457e+02
1.535671563843235390e+02
1.538379979299749039e+02
1.541088394756262687e+02
1.543796810212776052e+02
1.546505225669289985e+02
1.549213641125803349e+02
1.551922056582317282e+02
1.554630472038830646e+02
1.557338887495344295e+02
1.560047302951857944e+02
1.562755718408371592e+02
1.565464133864885241e+02
1.568172549321398890e+02
1.570880964777912538e+02
1.573589380234426187e+02
1.576297795690939552e+02
1.579006211147453485e+02
1.581714626603966849e+02
1.584423042060480782e+02
1.587131457516994146e+02
1.589839872973508079e+02
1.592548288430021728e+02
1.595256703886535377e+02
1.597965119343049025e+02
1.600673534799562674e+02
1.603381950256076323e+02
1.606090365712589971e+02
1.608798781169103336e+02
1.611507196625617269e+02
1.614215612082130633e+02
1.616924027538644566e+02
1.619632442995157930e+02
1.622340858451671863e+02
1.625049273908185512e+02
1.627757689364698876e+02
1.630466104821212809e+02
1.633174520277726174e+02
1.635882935734240107e+02
1.638591351190753471e+02
1.641299766647267120e+02
1.644008182103780769e+02
1.646716597560294701e+02
1.649425013016808066e+02
1.652133428473321999e+02
1.654841843929835363e+02
1.657550259386349296e+02
1.660258674842862661e+02
1.662967090299376594e+02
1.665675505755889958e+02
1.668383921212403891e+02
1.671092336668917255e+02
1.673800752125431188e+02
1.676509167581944553e+02
1.679217583038458201e+02
1.681925998494971850e+02
1.684634413951485499e+02
1.687342829407999147e+02
1.690051244864512796e+02
1.692759660321026161e+02
1.695468075777540093e+02
1.698176491234053458e+02
1.700884906690567391e+02
1.703593322147080755e+02
1.706301737603594688e+02
1.709010153060108053e+02
1.711718568516621986e+02
1.714426983973135634e+02
1.717135399429649283e+02
1.719843814886162932e+02
1.722552230342676580e+02
1.725260645799189945e+02
1.727969061255703878e+02
1.730677476712217526e+02
1.733385892168731175e+02
1.736094307625244824e+02
1.738802723081758472e+02
1.741511138538272121e+02
1.744219553994785485e+02
1.746927969451299418e+02
1.749636384907812783e+02
1.752344800364326716e+02
1.755053215820840080e+02
1.757761631277354013e+02
1.760470046733867377e+02
1.763178462190381026e+02
1.765886877646894675e+02
1.768595293103408608e+02
1.771303708559921972e+02
1.774012124016435905e+02
1.776720539472949270e+02
1.779428954929463202e+02
1.782137370385976567e+02
1.784845785842490500e+02
1.787554201299003864e+02
1.790262616755517797e+02
1.792971032212031162e+02
1.795679447668544810e+02
1.798387863125058459e+02
1.801096278581572108e+02
1.803804694038085756e+02
1.806513109494599405e+02
1.809221524951113054e+02
1.811929940407626702e+02
1.814638355864140067e+02
1.817346771320654000e+02
1.820055186777167364e+02
1.822763602233681297e+02
1.825472017690194662e+02
1.828180433146708594e+02
1.830888848603221959e+02
1.833597264059735892e+02
1.836305679516249540e+02
1.839014094972763189e+02
1.841722510429277122e+02
1.844430925885790487e+02
1.847139341342304135e+02
1.849847756798817784e+02
1.852556172255331433e+02
1.855264587711845081e+02
1.857973003168358730e+02
1.860681418624872094e+02
1.863389834081386027e+02
1.866098249537899392e+02
1.868806664994413325e+02
1.871515080450926689e+02
1.874223495907440622e+02
1.876931911363953986e+02
1.879640326820467635e+02
1.882348742276981284e+02
1.885057157733494932e+02
1.887765573190008581e+02
1.890473988646522514e+02
1.893182404103035879e+02
1.895890819559549811e+02
1.898599235016063176e+02
1.901307650472577109e+02
1.904016065929090473e+02
1.906724481385604406e+02
1.909432896842117771e+02
1.912141312298631419e+02
1.914849727755145068e+02
1.917558143211658717e+02
1.920266558668172365e+02
1.922974974124686014e+02
1.925683389581199663e+02
1.928391805037713311e+02
1.931100220494226676e+02
1.933808635950740609e+02
1.936517051407253973e+02
1.939225466863767906e+02
1.941933882320281555e+02
1.944642297776795203e+02
1.947350713233308852e+02
1.950059128689822501e+02
1.952767544146336434e+02
1.955475959602849798e+02
1.958184375059363731e+02
1.960892790515877095e+02
1.963601205972390744e+02
1.966309621428904109e+02
1.969018036885418326e+02
1.971726452341931690e+02
1.974434867798445339e+02
1.977143283254958703e+02
1.979851698711472352e+02
1.982560114167986285e+02
1.985268529624499934e+02
1.987976945081013298e+02
1.990685360537526947e+02
1.993393775994040880e+02
1.996102191450554528e+02
1.998810606907067893e+02
2.001519022363581541e+02
2.004227437820095190e+02
2.006935853276609123e+02
2.009644268733122487e+02
2.012352684189636420e+02
2.015061099646149785e+02
2.017769515102663433e+02
2.020477930559177366e+02
2.023186346015691015e+02
2.025894761472204380e+02
2.028603176928718028e+02
2.031311592385231393e+02
2.034020007841745610e+02
2.036728423298258974e+02
2.039436838754772623e+02
2.042145254211285987e+02
2.044853669667800204e+02
2.047562085124313569e+02
2.050270500580827218e+02
2.052978916037340866e+02
2.055687331493854231e+02
2.058395746950368448e+02
2.061104162406881812e+02
2.063812577863395461e+02
2.066520993319909110e+02
2.069229408776422758e+02
2.071937824232936407e+02
2.074646239689450340e+02
2.077354655145963704e+02
2.080063070602477353e+02
2.082771486058990718e+02
2.085479901515504935e+02
2.088188316972018299e+02
2.090896732428531948e+02
2.093605147885045312e+02
2.096313563341559529e+02
2.099021978798072894e+02
2.101730394254586543e+02
2.104438809711099907e+02
2.107147225167613556e+02
2.109855640624127489e+02
2.112564056080641137e+02
2.115272471537154502e+02
2.117980886993668150e+02
2.120689302450181799e+02
2.123397717906695732e+02
2.126106133363209096e+02
2.128814548819722745e+02
2.131522964276236394e+02
2.134231379732750042e+02
2.136939795189263691e+02
2.139648210645777624e+02
2.142356626102290988e+02
2.145065041558804637e+02
2.147773457015318002e+02
2.150481872471832219e+02
2.153190287928345583e+02
2.155898703384859232e+02
2.158607118841372881e+02
2.161315534297886813e+02
2.164023949754400462e+02
2.166732365210913827e+02
2.169440780667427475e+02
2.172149196123940840e+02
2.174857611580455057e+02
2.177566027036968421e+02
2.180274442493482070e+02
2.182982857949995434e+02
2.185691273406509367e+02
2.188399688863023016e+02
2.191108104319536665e+02
2.193816519776050313e+02
2.196524935232563962e+02
2.199233350689077326e+02
2.201941766145591544e+02
2.204650181602104908e+02
2.207358597058618557e+02
2.210067012515131921e+02
2.212775427971646138e+02
2.215483843428159503e+02
2.218192258884673151e+02
2.220900674341186516e+02
2.223609089797700165e+02
2.226317505254214097e+02
2.229025920710727746e+02
2.231734336167241111e+02
2.234442751623754759e+02
2.237151167080268124e+02
2.239859582536782341e+02
2.242567997993295705e+02
2.245276413449809354e+02
2.247984828906323003e+02
2.250693244362836651e+02
2.253401659819350300e+02
2.256110075275864233e+02
2.258818490732377597e+02
2.261526906188891246e+02
