2.409999736920110445e+04
2.409999739425158259e+04
2.409999742602827246e+04
2.409999746735064400e+04
2.409999751753014789e+04
2.409999757806660273e+04
2.409999765019011102e+04
2.409999773374605138e+04
2.409999783079035114e+04
2.409999794229826512e+04
2.409999806731404169e+04
2.409999820955753967e+04
2.409999836696649800e+04
2.409999854162413976e+04
2.409999873237289285e+04
2.409999894091783426e+04
2.409999916634542024e+04
2.409999940777654774e+04
2.409999966553598642e+04
2.409999993588767757e+04
2.410000022017787342e+04
2.410000051402482495e+04
2.410000081440319263e+04
2.410000111840129830e+04
2.410000142223350849e+04
2.410000171922809022e+04
2.410000200536462216e+04
2.410000227124796584e+04
2.410000250997018520e+04
2.410000271400107886e+04
2.410000287010556349e+04
2.410000296923341011e+04
2.410000299707865997e+04
2.410000294194595335e+04
2.410000278736937980e+04
2.410000251612987267e+04
2.410000211285920886e+04
2.410000155795676619e+04
2.410000083153100786e+04
2.409999991308505560e+04
2.409999878146867195e+04
2.409999741522202385e+04
2.409999579202553650e+04
2.409999388936429750e+04
2.409999168595064111e+04
2.409998916106303659e+04
2.409998629490015082e+04
2.409998307114167255e+04
2.409997947338355516e+04
2.409997549149470069e+04
2.409997111650807346e+04
2.409996634699093192e+04
2.409996118646400646e+04
2.409995564563444350e+04
2.409994974392095537e+04
2.409994351014196582e+04
2.409993698315535948e+04
2.409993021637175116e+04
2.409992327498926534e+04
2.409991623937041004e+04
2.409990920881542115e+04
2.409990230049115053e+04
2.409989565027030039e+04
2.409988941780096866e+04
2.409988378490896139e+04
2.409987895884220052e+04
2.409987517106683299e+04
2.409987268304188183e+04
2.409987178040805520e+04
2.409987278053171758e+04
2.409987602840289765e+04
2.409988189737228458e+04
2.409989078708596571e+04
2.409990312547423673e+04
2.409991936371147312e+04
2.409993997564646270e+04
2.409996545036861789e+04
2.409999629254166211e+04
2.410003301311054020e+04
2.410007612163400336e+04
2.410012612191892913e+04
2.410018349666597715e+04
2.410024870163112064e+04
2.410032214804998512e+04
2.410040418983846030e+04
2.410049510722025298e+04
2.410059508482644742e+04
2.410070419806602149e+04
2.410082237898426320e+04
2.410094940399859115e+04
2.410108485544714858e+04
2.410122810268871035e+04
2.410137826312314064e+04
2.410153417312468810e+04
2.410169435533195065e+04
2.410185697875096594e+04
2.410201982658281122e+04
2.410218025472214140e+04
2.410233516012549080e+04
2.410248094025731189e+04
2.410261345636981787e+04
2.410272800722715692e+04
2.410281929030139872e+04
2.410288138447912206e+04
2.410290772034137262e+04
2.410289107628764032e+04
2.410282356158595212e+04
2.410269663139748081e+04
2.410250109506840454e+04
2.410222714819768953e+04
2.410186441808295422e+04
2.410140202489535659e+04
2.410082866720152015e+04
2.410013272708665318e+04
2.409930239950098257e+04
2.409832585623398336e+04
2.409719143209374670e+04
2.409588785003074008e+04
2.409440448055538945e+04
2.409273164078501577e+04
2.409086093184294805e+04
2.408878562257447629e+04
2.408650107909629878e+04
2.408400523378669823e+04
2.408129911378835823e+04
2.407838740603116457e+04
2.407527907839520776e+04
2.407198804351343279e+04
2.406853386753035738e+04
2.406494252339982995e+04
2.406124717616300040e+04
2.405748900655847683e+04
2.405371804909682396e+04
2.404999405011989802e+04
2.404638732848223663e+04
2.404297962298794664e+04
2.403986491325361567e+04
2.403715019499290429e+04
2.403495618433193522e+04
2.403341793812596006e+04
2.403268534875717523e+04
2.403292348891315851e+04
2.403431276938549490e+04
2.403704888607449902e+04
2.404134248646967899e+04
2.404741854243083799e+04
2.405551535723426787e+04
2.406588316804318310e+04
2.407878229111913242e+04
2.409448073486884823e+04
2.411325125217872483e+04
2.413536773502438155e+04
2.416110092051018728e+04
2.419071332474417068e+04
2.422445335472593797e+04
2.426254853583963995e+04
2.430519779408223258e+04
2.435256291571093243e+04
2.440475971989128448e+04
2.446185049023383181e+04
2.452384320613352975e+04
2.459070640014865421e+04
2.466240687801061358e+04
2.473897437204181915e+04
2.482056208284988315e+04
2.490745955085651440e+04
2.500006037564519647e+04
2.509877363581043392e+04
2.520390298041383357e+04
2.531555897515268589e+04
2.543360597394585784e+04
2.555763439980887415e+04
2.568694479705869890e+04
2.582053788075691773e+04
2.595713115498573825e+04
2.609522609708938398e+04
2.623323005654247754e+04
2.636962733791809660e+04
2.650317772953265739e+04
2.663307716507416262e+04
2.675914753750102682e+04
2.688202444841703982e+04
2.700314626733969999e+04
2.712438792237215603e+04
2.724756441237312538e+04
2.737410043146371027e+04
2.750486982398983673e+04
2.764014681540138554e+04
2.777961255989009442e+04
2.792228546907842247e+04
2.806644465514120384e+04
2.820962978777192620e+04
2.834860021805542419e+04
2.847922693899867591e+04
2.859649942336965614e+04
2.869484762769647205e+04
2.876888006121907529e+04
2.881429261584244523e+04
2.882851877368767600e+04
2.881103431815882504e+04
2.876339948777711834e+04
2.868893614601947047e+04
2.859194729279510284e+04
2.847686759522052671e+04
2.834791080846720433e+04
2.820903266766153683e+04
2.806387168263436251e+04
2.791564870848443024e+04
2.776712287013031892e+04
2.762056075973665065e+04
2.747775275361802778e+04
2.734013289316811279e+04
2.720887781551048101e+04
2.708484436676173209e+04
2.696848643259406163e+04
2.685992288042984364e+04
2.675905658284122546e+04
2.666556396826617856e+04
2.657884440162443207e+04
2.649807237028910095e+04
2.642241640985331469e+04
2.635126517697969757e+04
2.628432874183826789e+04
2.622160291427818447e+04
2.616317410993955491e+04
2.610907940311634957e+04
2.605932755370891027e+04
2.601398146850052581e+04
2.597332794145886146e+04
2.593796448993181548e+04
2.590858332050783429e+04
2.588579802375393774e+04
2.587007841437423122e+04
2.586169055466401915e+04
2.586062467615406058e+04
2.586650736607913132e+04
2.587861490594971838e+04
2.589609880247639012e+04
2.591831377775470537e+04
2.594498570726543039e+04
2.597620788475267545e+04
2.601237754519722148e+04
2.605404444105688162e+04
2.610166642546237927e+04
2.615539183301131197e+04
2.621493939099244380e+04
2.627959656546169208e+04
2.634833052068276811e+04
2.641995984699876499e+04
2.649330645324212310e+04
2.656738515975377231e+04
2.664155104027149355e+04
2.671540727398460513e+04
2.678846146959131875e+04
2.685977940613709143e+04
2.692786560898753305e+04
2.699081728694162302e+04
2.704668935736005005e+04
2.709396850794130296e+04
2.713202082410973526e+04
2.716135022681896226e+04
2.718346287940074399e+04
2.720047539721092471e+04
2.721465695304986366e+04
2.722802243552722939e+04
2.724205617746638382e+04
2.725756774602745645e+04
2.727468606949101013e+04
2.729298414706150288e+04
2.731166264561416028e+04
2.732976493186313382e+04
2.734642020601380864e+04
2.736103636970871230e+04
2.737332233933806856e+04
2.738324953839929003e+04
2.739107328440070341e+04
2.739733421834261753e+04
2.740293705212812711e+04
2.740918859192740638e+04
2.741747204858626719e+04
2.742882530995805064e+04
2.744368269714543203e+04
2.746177195855802711e+04
2.748206992648448067e+04
2.750282704399018257e+04
2.752173016851875582e+04
2.753625020030005908e+04
2.754412924854873927e+04
2.754383264668594347e+04
2.753472631468352847e+04
2.751721439146187913e+04
2.749272459274976791e+04
2.746337435598946831e+04
2.743160227451329047e+04
2.739982085594220916e+04
2.737012874913209453e+04
2.734415733819476372e+04
2.732294229301502855e+04
2.730682175057971108e+04
2.729541681434637940e+04
2.728769137869815677e+04
2.728200661740177020e+04
2.727607384551271025e+04
2.726695635279717317e+04
2.725135500886164664e+04
2.722607557169688152e+04
2.718844443208621669e+04
2.713664428277922707e+04
2.706999841937949896e+04
2.698895897377472647e+04
2.689487329549219066e+04
2.678970778329142922e+04
2.667574286287300856e+04
2.655529281480901409e+04
2.643056146164068923e+04
2.630358129321169690e+04
2.617619273122426603e+04
2.605008934493538254e+04
2.592677714295915212e+04
2.580756186724373765e+04
2.569362192207002590e+04
2.558596074245395357e+04
2.548530542873496233e+04
2.539206690143331434e+04
2.530635109487899899e+04
2.522800409248187134e+04
2.515664495411710959e+04
2.509166310824018728e+04
2.503221341426173240e+04
2.497724841672729599e+04
2.492562458745445474e+04
2.487626662195996687e+04
2.482832226119412007e+04
2.478129774810997333e+04
2.473504520982771646e+04
2.468963100727873461e+04
2.464522872311633910e+04
2.460207019291122560e+04
2.456043078227013393e+04
2.452060077804125103e+04
2.448283612586671006e+04
2.444732629865645140e+04
2.441417917737408789e+04
2.438342577194758996e+04
2.435503265939066114e+04
2.432891275929404583e+04
2.430493512756827840e+04
2.428293999565406921e+04
2.426275659861797612e+04
2.424421460186440163e+04
2.422715277316974243e+04
2.421142742763470596e+04
2.419691968364626518e+04
2.418353786361085804e+04
2.417121608150922839e+04
2.415991071138743064e+04
2.414959241178871889e+04
2.414023658510099995e+04
2.413181657848719624e+04
2.412429943732960601e+04
2.411764523018620821e+04
2.411180844377852554e+04
2.410673950434888320e+04
2.410238610642947970e+04
2.409869437957268019e+04
2.409560988145971714e+04
2.409307844351610038e+04
2.409104687935114998e+04
2.408946356380604630e+04
2.408827889963600319e+04
2.408744567969152922e+04
2.408691936178546894e+04
2.408665826126741376e+04
2.408662366876341548e+04
2.408677991428567111e+04
2.408709437690691993e+04
2.408753744887599532e+04
2.408808246580700143e+04
2.408870560653813300e+04
2.408938576689267211e+04
2.409010442339212750e+04
2.409084547403544639e+04
2.409159507637453498e+04
2.409234147874900009e+04
2.409307484775194462e+04
2.409378710348566528e+04
2.409447174560814165e+04
2.409512369278648112e+04
2.409573912978688531e+04
2.409631535610788342e+04
2.409685064401154159e+04
2.409734411067689871e+04
2.409779559122631326e+04
2.409820553131119959e+04
2.409857487932599179e+04
2.409890499627627651e+04
2.409919756816609151e+04
2.409945453350426033e+04
2.409967801366816275e+04
2.409987025593831277e+04
2.410003358196947011e+04
2.410017034354593125e+04
2.410028288469614927e+04
2.410037351149962706e+04
2.410044446578304269e+04
2.410049790336051592e+04
2.410053587988218715e+04
2.410056033656021827e+04
2.410057309097760299e+04
2.410057583592339506e+04
2.410057012925747404e+04
2.410055739972721858e+04
2.410053894420274082e+04
2.410051593310993849e+04
2.410048941090275912e+04
2.410046030566445188e+04
2.410042943333389121e+04
2.410039750442893637e+04
2.410036512871391824e+04
2.410033282667435924e+04
2.410030103471422626e+04
2.410027011063421378e+04
2.410024034500285052e+04
2.410021196626518577e+04
2.410018514586327728e+04
2.410016000607930982e+04
2.410013662735177058e+04
2.410011505302992373e+04
2.410009529348795331e+04
2.410007733343696964e+04
2.410006113371583342e+04
2.410004663864293616e+04
2.410003377719986747e+04
2.410002246706248116e+04
2.410001261573665397e+04
2.410000412835107636e+04
2.409999690485944302e+04
2.409999084330322512e+04
2.409998584122832835e+04
2.409998180155456794e+04
2.409997862352192533e+04
2.409997621561825144e+04
2.409997448835425166e+04
2.409997335557832412e+04
2.409997273906421833e+04
2.409997256508324062e+04
2.409997276604669969e+04
2.409997327809953640e+04
2.409997404383381217e+04
2.409997501474529054e+04
2.409997614283422081e+04
2.409997738690612096e+04
2.409997871239601227e+04
2.409998008834205757e+04
2.409998148562747883e+04
2.409998288354074612e+04
2.409998426099601784e+04
2.409998560392484069e+04
2.409998689721179107e+04
2.409998813219491785e+04
2.409998930066067260e+04
2.409999039739690852e+04
2.409999141915183645e+04
2.409999236186836424e+04
2.409999322675778967e+04
2.409999401280874736e+04
2.409999472387045898e+04
2.409999535965701943e+04
2.409999592522123203e+04
2.409999642327422407e+04
2.409999685734469676e+04
2.409999723195626211e+04
2.409999755079784154e+04
2.409999781951908517e+04
2.409999804238298384e+04
2.409999822197948015e+04
2.409999836397374747e+04
2.409999847219426010e+04
2.409999855151267548e+04
2.409999860323729808e+04
2.409999863292200098e+04
2.409999864340822751e+04
2.409999863655929948e+04
2.409999861574819442e+04
2.409999858451371983e+04
2.409999854276707993e+04
2.409999849467275635e+04
2.409999844242986728e+04
2.409999838547303079e+04
2.409999832646739014e+04
2.409999826580144145e+04
2.409999820475115121e+04
2.409999814556826459e+04
2.409999808757555365e+04
2.409999803059760234e+04
2.409999797706734171e+04
2.409999792695889482e+04
2.409999787875551192e+04
2.409999783356155240e+04
2.409999779303551259e+04
2.409999775486460931e+04
2.409999772041570759e+04
2.409999768936974579e+04
2.409999766110011478e+04
2.409999763684853679e+04
2.409999761476966160e+04
2.409999759505592738e+04
2.409999757872253758e+04
2.409999756456245814e+04
2.409999755252763498e+04
2.409999754304723319e+04
2.409999753557957229e+04
