2.410000470169388063e+04
2.410000470169387700e+04
2.410000470169388063e+04
2.410000470169388791e+04
2.410000470169387700e+04
2.410000470169388063e+04
2.410000470169388063e+04
2.410000470169388427e+04
2.410000470169388063e+04
2.410000470169388791e+04
2.410000470169388063e+04
2.410000470169388427e+04
2.410000470169387700e+04
2.410000470169388063e+04
2.410000470169387700e+04
2.410000470169388063e+04
2.410000470169387700e+04
2.410000470169388427e+04
2.410000470169388063e+04
2.410000470169388063e+04
2.410000470169388427e+04
2.410000470169388063e+04
2.410000470169388427e+04
2.410000470169387700e+04
2.410000470169387700e+04
2.410000470169388427e+04
2.410000470169388063e+04
2.410000470169388427e+04
2.410000470169388427e+04
2.410000470169388063e+04
2.410000470169387700e+04
2.410000470169388063e+04
2.410000470169387700e+04
2.410000470169388063e+04
2.410000470169387700e+04
2.410000470169388427e+04
2.410000470169387700e+04
2.410000470169388427e+04
2.410000470169387700e+04
2.410000470169388063e+04
2.410000470169387700e+04
2.410000470169388791e+04
2.410000470169388063e+04
2.410000470169388427e+04
2.410000470169388063e+04
2.410000470169388063e+04
2.410000470169388427e+04
2.410000470169388063e+04
2.410000470169388063e+04
2.410000470169388063e+04
2.410000470169388427e+04
2.410000470169388791e+04
2.410000470169387700e+04
2.410000470169388791e+04
2.410000470169388427e+04
2.410000470169389155e+04
2.410000470169388063e+04
2.410000470169388063e+04
2.410000470169388791e+04
2.410000470169388063e+04
2.410000470169388063e+04
2.410000470169388063e+04
2.410000470169388063e+04
2.410000470169388427e+04
2.410000470169388063e+04
2.410000470169387700e+04
2.410000470169388427e+04
2.410000470169388427e+04
2.410000470169388427e+04
2.410000470169388427e+04
2.410000470169388427e+04
2.410000470169388427e+04
2.410000470169388063e+04
2.410000470169388063e+04
2.410000470169388427e+04
2.410000470169388063e+04
2.410000470169387700e+04
2.410000470169388063e+04
2.410000470169387700e+04
2.410000470169388427e+04
2.410000470169388791e+04
2.410000470169388791e+04
2.410000470169388427e+04
2.410000470169388427e+04
2.410000470169388427e+04
2.410000470169388791e+04
2.410000470169387700e+04
2.410000470169388427e+04
2.410000470169388427e+04
2.410000470169388063e+04
2.410000470169388063e+04
2.410000470169388063e+04
2.410000470169388791e+04
2.410000470169388427e+04
2.410000470169388427e+04
2.410000470169388427e+04
2.410000470169388427e+04
2.410000470169388791e+04
2.410000470169387700e+04
2.410000470169388063e+04
2.410000470169388063e+04
2.410000470169388427e+04
2.410000470169388427e+04
2.410000470169388791e+04
2.410000470169388791e+04
2.410000470169388063e+04
2.410000470169387700e+04
2.410000470169388063e+04
2.410000470169388063e+04
2.410000470169388791e+04
2.410000470169388427e+04
2.410000470169389155e+04
2.410000470169388063e+04
2.410000470169388427e+04
2.410000470169388063e+04
2.410000470169387700e+04
2.410000470169388427e+04
2.410000470169388063e+04
2.410000470169388427e+04
2.410000470169388427e+04
2.410000470169389155e+04
2.410000470169388427e+04
2.410000470169388427e+04
2.410000470169388063e+04
2.410000470169387700e+04
2.410000470169388063e+04
2.410000470169388063e+04
2.410000470169388063e+04
2.410000470169388791e+04
2.410000470169388791e+04
2.410000470169387700e+04
2.410000470169387700e+04
2.410000470169388063e+04
2.410000470169388063e+04
2.410000470169388427e+04
2.410000470169388427e+04
2.410000470169389155e+04
2.410000470169388791e+04
2.410000470169388063e+04
2.410000470169388427e+04
2.410000470169388063e+04
2.410000470169387700e+04
2.410000470169388427e+04
2.410000470169388427e+04
2.410000470169388063e+04
2.410000470169388427e+04
2.410000470169388427e+04
2.410000470169388427e+04
2.410000470169387700e+04
2.410000470169387700e+04
2.410000470169388427e+04
2.410000470169388427e+04
2.410000470169388427e+04
2.410000470169252003e+04
2.410081703327210562e+04
2.410530874003552526e+04
2.411200660691792655e+04
2.412136028731799161e+04
2.413495800420423257e+04
2.415169282427195867e+04
2.417329721692070962e+04
2.420357280958177216e+04
2.424007955595065141e+04
2.427668012106455717e+04
2.432293113228236689e+04
2.438434680626084446e+04
2.446805821957795342e+04
2.460097694231628702e+04
2.476322123780689435e+04
2.489215122098234860e+04
2.495578990590979083e+04
2.493209541220645042e+04
2.482720988536124423e+04
2.472118974282154886e+04
2.466551941550445190e+04
2.467118652809753621e+04
2.468397396566855605e+04
2.467287513377079085e+04
2.467612005028802741e+04
2.470054202022820391e+04
2.466269795641463497e+04
2.462763208639280856e+04
2.460401003450612188e+04
2.457522447361079685e+04
2.457060493685570327e+04
2.450610570437987190e+04
2.434694088173495038e+04
2.422559225301956394e+04
2.413239882234848119e+04
2.410025837942340149e+04
2.410899864812953456e+04
2.416783924727888370e+04
2.436063147590883091e+04
2.474457857604152741e+04
2.528224099475181356e+04
2.583990101919828521e+04
2.642937276668411869e+04
2.694863758114941447e+04
2.730264738710295933e+04
2.743853989807602193e+04
2.761372614487796454e+04
2.768358752353519230e+04
2.752288199020191678e+04
2.751846215397899869e+04
2.745162922961572986e+04
2.732704230916935194e+04
2.733478795387518039e+04
2.723653400707164110e+04
2.696247509737646033e+04
2.658507367894782510e+04
2.624035128730771248e+04
2.585138047901494429e+04
2.545023686105016895e+04
2.509427153837102742e+04
2.482267110339748251e+04
2.455784781482233302e+04
2.433019449457206065e+04
2.417531225566448484e+04
2.410391393807526401e+04
2.410916005782952561e+04
2.414873218430131237e+04
2.421824782018490077e+04
2.433307911133218659e+04
2.455680300663710659e+04
2.486596682618567866e+04
2.516301465608132639e+04
2.546663554040196686e+04
2.581018752011011748e+04
2.599899901622082689e+04
2.614474719949042264e+04
2.635333372839919684e+04
2.663527885112403601e+04
2.703671641372113663e+04
2.741973632176490719e+04
2.776839520944972901e+04
2.799054603638342815e+04
2.825498596113011081e+04
2.829344854096335257e+04
2.807707865858424702e+04
2.772419656684819347e+04
2.727965961212013281e+04
2.668736805310217096e+04
2.601804648695044307e+04
2.535540707830891188e+04
2.484243632608040571e+04
2.449487476819087533e+04
2.424903483951402814e+04
2.411002380913205707e+04
2.412520127182060969e+04
2.429703140627279208e+04
2.465485964015382706e+04
2.512105966284928218e+04
2.559454425102177265e+04
2.610618153706037629e+04
2.686385060833690295e+04
2.774006871695122391e+04
2.835156070040106715e+04
2.910050035377355016e+04
2.992212664009055516e+04
3.053970032897657074e+04
3.118968014664299335e+04
3.171286506139192716e+04
3.233409036600324180e+04
3.261247030750061822e+04
3.234628656304179458e+04
3.192449001657486951e+04
3.151997837601601714e+04
3.103313994112322689e+04
3.027796652895287480e+04
2.962164127971488415e+04
2.898647456789389980e+04
2.832705122041366849e+04
2.761325151975668996e+04
2.689214915855446816e+04
2.630710016385636482e+04
2.583865297462261151e+04
2.540537225058746117e+04
2.501225521080738690e+04
2.471567515294887562e+04
2.444508865786854221e+04
2.424308709622121023e+04
2.415027024946262827e+04
2.410570956138719339e+04
2.410474884192784521e+04
2.416565601294303269e+04
2.433915425045390293e+04
2.462561466888851282e+04
2.490950732748666269e+04
2.515295044002451323e+04
2.541879688579999493e+04
2.575178546602711504e+04
2.599509448184746725e+04
2.631353041473813209e+04
2.668884043839793230e+04
2.706866597158044533e+04
2.747238477829924523e+04
2.786249735685694031e+04
2.813298172152278130e+04
2.850670684098069250e+04
2.880222879115052638e+04
2.893304347926422633e+04
2.888831306987565040e+04
2.863059003074256543e+04
2.844930841594263984e+04
2.830094134163600756e+04
2.843739876982789065e+04
2.866686257946702608e+04
2.862639701499437797e+04
2.866955092037277791e+04
2.862961793952518201e+04
2.852370658005187579e+04
2.849588589025226247e+04
2.847045105326828707e+04
2.854630589547877753e+04
2.868279273349769210e+04
2.908929220304663249e+04
2.926872838632297135e+04
2.908859612163150814e+04
2.843129366363422378e+04
2.761233882726264346e+04
2.693269413868009360e+04
2.641699383341207067e+04
2.577641618632888276e+04
2.518501757201101282e+04
2.481522840022163291e+04
2.460099729684921112e+04
2.444645244230928438e+04
2.436634877190824045e+04
2.428699494093133035e+04
2.420274671339992346e+04
2.414952232101397021e+04
2.411713539763710651e+04
2.410112935514260607e+04
2.410591567909678997e+04
2.412334895120832152e+04
2.415207416814727912e+04
2.419346822627767688e+04
2.427248518995333870e+04
2.439633145038831208e+04
2.453500916870749643e+04
2.461381458818236933e+04
2.471127807041089909e+04
2.483394724091297394e+04
2.488934662759296043e+04
2.491727349166744898e+04
2.493943776897717908e+04
2.493674267155764392e+04
2.487886231546202907e+04
2.475685475999704431e+04
2.462160231400448538e+04
2.451833791216441750e+04
2.442981939046479238e+04
2.435142106788825549e+04
2.428218225765482566e+04
2.422002895670060025e+04
2.416618464346954352e+04
2.412695813833958528e+04
2.410538724381072825e+04
2.410000470386098095e+04
2.410000470169388791e+04
2.410000470169388427e+04
2.410000470169387700e+04
2.410000470169387700e+04
2.410000470169388063e+04
2.410000470169388427e+04
2.410000470169388063e+04
2.410000470169388063e+04
2.410000470169388427e+04
2.410000470169388427e+04
2.410000470169388427e+04
2.410000470169388427e+04
2.410000470169388063e+04
2.410000470169388791e+04
2.410000470169388063e+04
2.410000470169388063e+04
2.410000470169388427e+04
2.410000470169388427e+04
2.410000470169388063e+04
2.410000470169387336e+04
2.410000470169388427e+04
2.410000470169388063e+04
2.410000470169388427e+04
2.410000470169388427e+04
2.410000470169388063e+04
2.410000470169388063e+04
2.410000470169388427e+04
2.410000470169388427e+04
2.410000470169388791e+04
2.410000470169388791e+04
2.410000470169388427e+04
2.410000470169387700e+04
2.410000470169388427e+04
2.410000470169388427e+04
2.410000470169388427e+04
2.410000470169388427e+04
2.410000470169388427e+04
2.410000470169388427e+04
2.410000470169388063e+04
2.410000470169388427e+04
2.410000470169388427e+04
2.410000470169388427e+04
2.410000470169388791e+04
2.410000470169388427e+04
2.410000470169388427e+04
2.410000470169388063e+04
2.410000470169388791e+04
2.410000470169388427e+04
2.410000470169387700e+04
2.410000470169388063e+04
2.410000470169388427e+04
2.410000470169388427e+04
2.410000470169387700e+04
2.410000470169388063e+04
2.410000470169388427e+04
2.410000470169388427e+04
2.410000470169387336e+04
2.410000470169388791e+04
2.410000470169388063e+04
2.410000470169388427e+04
2.410000470169388427e+04
2.410000470169388063e+04
2.410000470169388427e+04
2.410000470169388427e+04
2.410000470169388063e+04
2.410000470169388063e+04
2.410000470169388427e+04
2.410000470169388063e+04
2.410000470169388063e+04
2.410000470169388427e+04
2.410000470169388427e+04
2.410000470169388427e+04
2.410000470169388427e+04
2.410000470169388427e+04
2.410000470169388791e+04
2.410000470169388427e+04
2.410000470169387336e+04
2.410000470169388063e+04
2.410000470169388427e+04
2.410000470169388063e+04
2.410000470169388791e+04
2.410000470169388791e+04
2.410000470169388427e+04
2.410000470169388791e+04
2.410000470169388063e+04
2.410000470169387700e+04
2.410000470169388063e+04
2.410000470169388063e+04
2.410000470169388791e+04
2.410000470169388427e+04
2.410000470169388791e+04
2.410000470169388791e+04
2.410000470169388063e+04
2.410000470169387700e+04
2.410000470169388063e+04
2.410000470169388063e+04
2.410000470169388427e+04
2.410000470169388427e+04
2.410000470169389155e+04
2.410000470169388791e+04
2.410000470169387336e+04
2.410000470169388427e+04
2.410000470169388427e+04
2.410000470169388063e+04
2.410000470169388063e+04
2.410000470169388427e+04
2.410000470169388427e+04
2.410000470169388063e+04
2.410000470169388427e+04
2.410000470169388063e+04
2.410000470169388063e+04
2.410000470169388427e+04
2.410000470169388063e+04
2.410000470169388427e+04
2.410000470169388063e+04
2.410000470169388063e+04
2.410000470169388063e+04
2.410000470169388063e+04
2.410000470169388427e+04
2.410000470169388063e+04
2.410000470169388791e+04
2.410000470169387700e+04
2.410000470169388791e+04
2.410000470169387700e+04
2.410000470169388063e+04
2.410000470169388063e+04
2.410000470169388427e+04
2.410000470169387700e+04
2.410000470169387700e+04
2.410000470169387336e+04
2.410000470169388063e+04
2.410000470169387700e+04
2.410000470169387336e+04
2.410000470169387700e+04
2.410000470169388427e+04
2.410000470169388063e+04
2.410000470169388063e+04
2.410000470169388063e+04
2.410000470169388063e+04
2.410000470169388063e+04
2.410000470169388063e+04
2.410000470169387700e+04
2.410000470169388063e+04
2.410000470169388427e+04
2.410000470169388427e+04
2.410000470169388063e+04
2.410000470169388427e+04
2.410000470169388427e+04
2.410000470169388791e+04
2.410000470169388427e+04
2.410000470169388063e+04
2.410000470169387700e+04
2.410000470169388063e+04
