2.409999511085509585e+04
2.409999511085509585e+04
2.409999511085509585e+04
2.409999511085509948e+04
2.409999511085509585e+04
2.409999511085509585e+04
2.409999511085509585e+04
2.409999511085509948e+04
2.409999511085509585e+04
2.409999511085509948e+04
2.409999511085509948e+04
2.409999511085509948e+04
2.409999511085509221e+04
2.409999511085509221e+04
2.409999511085509221e+04
2.409999511085509585e+04
2.409999511085509221e+04
2.409999511085509585e+04
2.409999511085509948e+04
2.409999511085509585e+04
2.409999511085509585e+04
2.409999511085509585e+04
2.409999511085509585e+04
2.409999511085509948e+04
2.409999511085509221e+04
2.409999511085509948e+04
2.409999511085509948e+04
2.409999511085509585e+04
2.409999511085510312e+04
2.409999511085509221e+04
2.409999511085509948e+04
2.409999511085509585e+04
2.409999511085509221e+04
2.409999511085509221e+04
2.409999511085509585e+04
2.409999511085509585e+04
2.409999511085509585e+04
2.409999511085509585e+04
2.409999511085509221e+04
2.409999511085509585e+04
2.409999511085508857e+04
2.409999511085509948e+04
2.409999511085509585e+04
2.409999511085509585e+04
2.409999511085509948e+04
2.409999511085509221e+04
2.409999511085509585e+04
2.409999511085509585e+04
2.409999511085509585e+04
2.409999511085509585e+04
2.409999511085509585e+04
2.409999511085509948e+04
2.409999511085509585e+04
2.409999511085509585e+04
2.409999511085509585e+04
2.409999511085509948e+04
2.409999511085509221e+04
2.409999511085509585e+04
2.409999511085509585e+04
2.409999511085509221e+04
2.409999511085509221e+04
2.409999511085509585e+04
2.409999511085509585e+04
2.409999511085509948e+04
2.409999511085509221e+04
2.409999511085509221e+04
2.409999511085509948e+04
2.409999511085509585e+04
2.409999511085509585e+04
2.409999511085509948e+04
2.409999511085509585e+04
2.409999511085509585e+04
2.409999511085509948e+04
2.409999511085509221e+04
2.409999511085510312e+04
2.409999511085509585e+04
2.409999511085509221e+04
2.409999511085509221e+04
2.409999511085509221e+04
2.409999511085509948e+04
2.409999511085510312e+04
2.409999511085509948e+04
2.409999511085509948e+04
2.409999511085509585e+04
2.409999511085509585e+04
2.409999511085509948e+04
2.409999511085509585e+04
2.409999511085510312e+04
2.409999511085509585e+04
2.409999511085509585e+04
2.409999511085508857e+04
2.409999511085509585e+04
2.409999511085509585e+04
2.409999511085509585e+04
2.409999511085509585e+04
2.409999511085509585e+04
2.409999511085510312e+04
2.409999511085509948e+04
2.409999511085509221e+04
2.409999511085509221e+04
2.409999511085509948e+04
2.409999511085509948e+04
2.409999511085509585e+04
2.409999511085510312e+04
2.409999511085510312e+04
2.409999511085509585e+04
2.409999511085509585e+04
2.409999511085509221e+04
2.409999511085509948e+04
2.409999511085509585e+04
2.409999511085509948e+04
2.409999511085510312e+04
2.409999511085509948e+04
2.409999511085509948e+04
2.409999511085509585e+04
2.409999511085509948e+04
2.409999511085509585e+04
2.409999511085509585e+04
2.409999511085509585e+04
2.409999511085509585e+04
2.409999511085510312e+04
2.409999511085510312e+04
2.409999511085509585e+04
2.409999511085509585e+04
2.409999511085509585e+04
2.409999511085509585e+04
2.409999511085509585e+04
2.409999511085509585e+04
2.409999511085509948e+04
2.409999511085509948e+04
2.409999511085509221e+04
2.409999511085509585e+04
2.409999511085509948e+04
2.409999511085509585e+04
2.409999511085509585e+04
2.409999511085509948e+04
2.409999511085510312e+04
2.409999511085510312e+04
2.409999511085509948e+04
2.409999511085509585e+04
2.409999511085509221e+04
2.409999511085509221e+04
2.409999511085509585e+04
2.409999511085509585e+04
2.409999511085509585e+04
2.409999511085509585e+04
2.409999511085509585e+04
2.409999511085509948e+04
2.409999511085508857e+04
2.409999511085509221e+04
2.409999511085509221e+04
2.409999511085509585e+04
2.409999511085509585e+04
2.409999511085509221e+04
2.409999572864565562e+04
2.410017652474623901e+04
2.410365457423940097e+04
2.411331595344729794e+04
2.415649453660313520e+04
2.427689603453866584e+04
2.448242126673569146e+04
2.486325134800752858e+04
2.525035960034807431e+04
2.536280967503073407e+04
2.531898188731750633e+04
2.500042708222744477e+04
2.448465240076407281e+04
2.423258448941642564e+04
2.410242606274448190e+04
2.410868683065852019e+04
2.416074051969030916e+04
2.425139439870138085e+04
2.441015376911693602e+04
2.480819044919513544e+04
2.553218712660584424e+04
2.638099034832222969e+04
2.750851492106278238e+04
2.822536287315957816e+04
2.924696647463800400e+04
3.034595830681983716e+04
3.062356425251251130e+04
2.888586308144729992e+04
2.659408771734054608e+04
2.531727839025805588e+04
2.476555685147738768e+04
2.467702699743456105e+04
2.502775350453389183e+04
2.468480358965320920e+04
2.445538157901811792e+04
2.474884260923754118e+04
2.472672746699635172e+04
2.422095226641280533e+04
2.426527337214138242e+04
2.565342505211906609e+04
2.922305524372944637e+04
3.363380310546710825e+04
3.669295778885866457e+04
3.788217071330548060e+04
3.814132495956877392e+04
3.694307605051827704e+04
3.318803847390853480e+04
2.873628213209418755e+04
2.746169255652033462e+04
2.731343877981187688e+04
2.703773183995141517e+04
2.629991449442933299e+04
2.609778645090714053e+04
2.577707079553551739e+04
2.555874362706450847e+04
2.606342856014969948e+04
2.650228421240560783e+04
2.599295216637590420e+04
2.527463185317183161e+04
2.553816634351225366e+04
2.621169853668018914e+04
2.587704407467115743e+04
2.545105471917571049e+04
2.545476585421052005e+04
2.665685699553587619e+04
2.754680910765911176e+04
2.790621887353663260e+04
2.777608006777085393e+04
2.657653479339438491e+04
2.589581648593628415e+04
2.600694006886668285e+04
2.625341298566063415e+04
2.700382785304759818e+04
2.778540933155355742e+04
2.619714230784473330e+04
2.557159945681626778e+04
2.532177124361618189e+04
2.498044549240695778e+04
2.475744658144116329e+04
2.417384433634993911e+04
2.414719837647810346e+04
2.521826669991415110e+04
2.695315345249546954e+04
2.762720138610742288e+04
2.754148901072355875e+04
2.732657089247144540e+04
2.670600034223177136e+04
2.557809141716787781e+04
2.464318668729501223e+04
2.411570972367022478e+04
2.419409739076123878e+04
2.476374329883254541e+04
2.571700033208329842e+04
2.628707397904589379e+04
2.730468170172011742e+04
2.816546193782589398e+04
2.785098328290334757e+04
2.624165168793088014e+04
2.459241824596205333e+04
2.410558818963783051e+04
2.496455979908582231e+04
2.658388591169926440e+04
2.884022998501200345e+04
3.099674113008157292e+04
3.259310458866494082e+04
3.164667699158701362e+04
2.981272540502605625e+04
2.786809054152707904e+04
2.597540919292862964e+04
2.480780599914861523e+04
2.417162218597935862e+04
2.413526219284685067e+04
2.482634718982564664e+04
2.565334845433205919e+04
2.656426160976646133e+04
2.773551841209688428e+04
2.875088623644390827e+04
2.870437254445752478e+04
2.835256894190984167e+04
2.866242952359943229e+04
2.855850652286709374e+04
2.883390511055735260e+04
2.969699760815230184e+04
2.764457182674677097e+04
2.571332152806036174e+04
2.465191185601922552e+04
2.430411555595367827e+04
2.410909550800289799e+04
2.419745456684302917e+04
2.484274911998705647e+04
2.635102461307074191e+04
2.862357895434951570e+04
3.119039746595765610e+04
3.131901782329824709e+04
3.214425385275818917e+04
3.239517414088105215e+04
3.051184451418561730e+04
2.887695119738711219e+04
2.731630057192326058e+04
2.591602208018983583e+04
2.541110982711126053e+04
2.472279941473745930e+04
2.423413941793540653e+04
2.410486130311990928e+04
2.443648858822859256e+04
2.479033885276159344e+04
2.443128092354112232e+04
2.414563534127952880e+04
2.556439853391093493e+04
2.774679281774931951e+04
2.959210443090671470e+04
3.098933217180977590e+04
3.242291714962473270e+04
3.216370676349797213e+04
3.100958132624859354e+04
2.969909130607292900e+04
2.830222136104920719e+04
2.675777282461865252e+04
2.614059583881699291e+04
2.583385856492404127e+04
2.542905663868114789e+04
2.577524220494332985e+04
2.530986045211439341e+04
2.498842031783049970e+04
2.553764623621684950e+04
2.506670610798678172e+04
2.440670349118201557e+04
2.418222023526863632e+04
2.410817329555799733e+04
2.428127371348824818e+04
2.434212460787381133e+04
2.422104302768202615e+04
2.410174214093308910e+04
2.415537588967126794e+04
2.454554836763922867e+04
2.527814149468404503e+04
2.585340478756161610e+04
2.662492271993169561e+04
2.638111264534947986e+04
2.569657746358111035e+04
2.516913669468557418e+04
2.492183556666397271e+04
2.484920825547393179e+04
2.469311396191146559e+04
2.438395763997708127e+04
2.421745535917537200e+04
2.410682160536609808e+04
2.410395788550614816e+04
2.413466874288568215e+04
2.415462954099032140e+04
2.415408654272227795e+04
2.419880393890405321e+04
2.427400309857144748e+04
2.427965677441007574e+04
2.430296023269017314e+04
2.432167802073488201e+04
2.434107670771674020e+04
2.433672300616002030e+04
2.430900827612485227e+04
2.428345889514627925e+04
2.423581457919255263e+04
2.417821285674082901e+04
2.413938898338483705e+04
2.410948244991345564e+04
2.409999511506881390e+04
2.409999511085509948e+04
2.409999511085509221e+04
2.409999511085509585e+04
2.409999511085508857e+04
2.409999511085509948e+04
2.409999511085509948e+04
2.409999511085509585e+04
2.409999511085509585e+04
2.409999511085509948e+04
2.409999511085509221e+04
2.409999511085508857e+04
2.409999511085509585e+04
2.409999511085509585e+04
2.409999511085510312e+04
2.409999511085509585e+04
2.409999511085509221e+04
2.409999511085509221e+04
2.409999511085509585e+04
2.409999511085509585e+04
2.409999511085508857e+04
2.409999511085509585e+04
2.409999511085509585e+04
2.409999511085509585e+04
2.409999511085509585e+04
2.409999511085509585e+04
2.409999511085509585e+04
2.409999511085509221e+04
2.409999511085509221e+04
2.409999511085509948e+04
2.409999511085509948e+04
2.409999511085510312e+04
2.409999511085509221e+04
2.409999511085509585e+04
2.409999511085509585e+04
2.409999511085509948e+04
2.409999511085509221e+04
2.409999511085509948e+04
2.409999511085509585e+04
2.409999511085509585e+04
2.409999511085510312e+04
2.409999511085509948e+04
2.409999511085509948e+04
2.409999511085509948e+04
2.409999511085509585e+04
2.409999511085509585e+04
2.409999511085509585e+04
2.409999511085509585e+04
2.409999511085509585e+04
2.409999511085509221e+04
2.409999511085509585e+04
2.409999511085509585e+04
2.409999511085509585e+04
2.409999511085508857e+04
2.409999511085509221e+04
2.409999511085509585e+04
2.409999511085509585e+04
2.409999511085508857e+04
2.409999511085510312e+04
2.409999511085510312e+04
2.409999511085509585e+04
2.409999511085509948e+04
2.409999511085509585e+04
2.409999511085509221e+04
2.409999511085509221e+04
2.409999511085509221e+04
2.409999511085509948e+04
2.409999511085509948e+04
2.409999511085509948e+04
2.409999511085509948e+04
2.409999511085509585e+04
2.409999511085509948e+04
2.409999511085509948e+04
2.409999511085509585e+04
2.409999511085509585e+04
2.409999511085510676e+04
2.409999511085510312e+04
2.409999511085508857e+04
2.409999511085509221e+04
2.409999511085509948e+04
2.409999511085509585e+04
2.409999511085509585e+04
2.409999511085509948e+04
2.409999511085509948e+04
2.409999511085510312e+04
2.409999511085509585e+04
2.409999511085509585e+04
2.409999511085509948e+04
2.409999511085508857e+04
2.409999511085509585e+04
2.409999511085509948e+04
2.409999511085509948e+04
2.409999511085509948e+04
2.409999511085509585e+04
2.409999511085509221e+04
2.409999511085509585e+04
2.409999511085509585e+04
2.409999511085509585e+04
2.409999511085509948e+04
2.409999511085509948e+04
2.409999511085510312e+04
2.409999511085508857e+04
2.409999511085509585e+04
2.409999511085509585e+04
2.409999511085509948e+04
2.409999511085509221e+04
2.409999511085510312e+04
2.409999511085509585e+04
2.409999511085509585e+04
2.409999511085509948e+04
2.409999511085509585e+04
2.409999511085509585e+04
2.409999511085509948e+04
2.409999511085509585e+04
2.409999511085509948e+04
2.409999511085509585e+04
2.409999511085509948e+04
2.409999511085509221e+04
2.409999511085509948e+04
2.409999511085509585e+04
2.409999511085509585e+04
2.409999511085509948e+04
2.409999511085509948e+04
2.409999511085509585e+04
2.409999511085509585e+04
2.409999511085509221e+04
2.409999511085509221e+04
2.409999511085509948e+04
2.409999511085509948e+04
2.409999511085509221e+04
2.409999511085509585e+04
2.409999511085509585e+04
2.409999511085509221e+04
2.409999511085508857e+04
2.409999511085509585e+04
2.409999511085509948e+04
2.409999511085509585e+04
2.409999511085509585e+04
2.409999511085509585e+04
2.409999511085509221e+04
2.409999511085509585e+04
2.409999511085508493e+04
2.409999511085509221e+04
2.409999511085509948e+04
2.409999511085509948e+04
2.409999511085509585e+04
2.409999511085509948e+04
2.409999511085509585e+04
2.409999511085509948e+04
2.409999511085509585e+04
2.409999511085509585e+04
2.409999511085509948e+04
2.409999511085509221e+04
2.409999511085509585e+04
