-5.001249999999999751e+00
-4.981682974559686450e+00
-4.962115949119373148e+00
-4.942548923679060735e+00
-4.922981898238747434e+00
-4.903414872798434132e+00
-4.883847847358120831e+00
-4.864280821917807529e+00
-4.844713796477495116e+00
-4.825146771037181814e+00
-4.805579745596868513e+00
-4.786012720156555211e+00
-4.766445694716242798e+00
-4.746878669275929497e+00
-4.727311643835616195e+00
-4.707744618395302894e+00
-4.688177592954989592e+00
-4.668610567514677179e+00
-4.649043542074363877e+00
-4.629476516634050576e+00
-4.609909491193737274e+00
-4.590342465753424861e+00
-4.570775440313111559e+00
-4.551208414872798258e+00
-4.531641389432484957e+00
-4.512074363992171655e+00
-4.492507338551859242e+00
-4.472940313111545940e+00
-4.453373287671232639e+00
-4.433806262230919337e+00
-4.414239236790606924e+00
-4.394672211350293622e+00
-4.375105185909980321e+00
-4.355538160469667019e+00
-4.335971135029353718e+00
-4.316404109589040416e+00
-4.296837084148728003e+00
-4.277270058708414702e+00
-4.257703033268101400e+00
-4.238136007827788099e+00
-4.218568982387475685e+00
-4.199001956947162384e+00
-4.179434931506849082e+00
-4.159867906066535781e+00
-4.140300880626222479e+00
-4.120733855185910066e+00
-4.101166829745596765e+00
-4.081599804305283463e+00
-4.062032778864970162e+00
-4.042465753424657748e+00
-4.022898727984344447e+00
-4.003331702544031145e+00
-3.983764677103717844e+00
-3.964197651663404987e+00
-3.944630626223091685e+00
-3.925063600782778828e+00
-3.905496575342465526e+00
-3.885929549902152225e+00
-3.866362524461839367e+00
-3.846795499021526510e+00
-3.827228473581213208e+00
-3.807661448140899907e+00
-3.788094422700586605e+00
-3.768527397260273748e+00
-3.748960371819960891e+00
-3.729393346379647589e+00
-3.709826320939334288e+00
-3.690259295499021430e+00
-3.670692270058708129e+00
-3.651125244618395271e+00
-3.631558219178081970e+00
-3.611991193737768668e+00
-3.592424168297455811e+00
-3.572857142857142954e+00
-3.553290117416829652e+00
-3.533723091976516351e+00
-3.514156066536203049e+00
-3.494589041095890192e+00
-3.475022015655577334e+00
-3.455454990215264033e+00
-3.435887964774950731e+00
-3.416320939334637874e+00
-3.396753913894324572e+00
-3.377186888454011715e+00
-3.357619863013698414e+00
-3.338052837573385112e+00
-3.318485812133072255e+00
-3.298918786692759397e+00
-3.279351761252446096e+00
-3.259784735812132794e+00
-3.240217710371819493e+00
-3.220650684931506635e+00
-3.201083659491193778e+00
-3.181516634050880477e+00
-3.161949608610567175e+00
-3.142382583170254318e+00
-3.122815557729941016e+00
-3.103248532289628159e+00
-3.083681506849314857e+00
-3.064114481409001556e+00
-3.044547455968688698e+00
-3.024980430528375841e+00
-3.005413405088062540e+00
-2.985846379647749238e+00
-2.966279354207436381e+00
-2.946712328767123079e+00
-2.927145303326810222e+00
-2.907578277886496920e+00
-2.888011252446183619e+00
-2.868444227005870761e+00
-2.848877201565557460e+00
-2.829310176125244602e+00
-2.809743150684931301e+00
-2.790176125244618444e+00
-2.770609099804305142e+00
-2.751042074363991841e+00
-2.731475048923678983e+00
-2.711908023483365682e+00
-2.692340998043052824e+00
-2.672773972602739523e+00
-2.653206947162426665e+00
-2.633639921722113364e+00
-2.614072896281800062e+00
-2.594505870841487205e+00
-2.574938845401173904e+00
-2.555371819960861046e+00
-2.535804794520547745e+00
-2.516237769080234887e+00
-2.496670743639921586e+00
-2.477103718199608284e+00
-2.457536692759295427e+00
-2.437969667318982125e+00
-2.418402641878669268e+00
-2.398835616438355967e+00
-2.379268590998043109e+00
-2.359701565557729808e+00
-2.340134540117416506e+00
-2.320567514677103649e+00
-2.301000489236790347e+00
-2.281433463796477490e+00
-2.261866438356164188e+00
-2.242299412915851331e+00
-2.222732387475538030e+00
-2.203165362035224728e+00
-2.183598336594911871e+00
-2.164031311154598569e+00
-2.144464285714285712e+00
-2.124897260273972410e+00
-2.105330234833659553e+00
-2.085763209393346251e+00
-2.066196183953032950e+00
-2.046629158512720092e+00
-2.027062133072406791e+00
-2.007495107632093934e+00
-1.987928082191780632e+00
-1.968361056751467775e+00
-1.948794031311154473e+00
-1.929227005870841172e+00
-1.909659980430528314e+00
-1.890092954990215013e+00
-1.870525929549902155e+00
-1.850958904109588854e+00
-1.831391878669275997e+00
-1.811824853228962695e+00
-1.792257827788649394e+00
-1.772690802348336536e+00
-1.753123776908023235e+00
-1.733556751467710377e+00
-1.713989726027397076e+00
-1.694422700587084218e+00
-1.674855675146770917e+00
-1.655288649706457615e+00
-1.635721624266144758e+00
-1.616154598825831457e+00
-1.596587573385518599e+00
-1.577020547945205298e+00
-1.557453522504892440e+00
-1.537886497064579139e+00
-1.518319471624265837e+00
-1.498752446183952980e+00
-1.479185420743639678e+00
-1.459618395303326821e+00
-1.440051369863013520e+00
-1.420484344422700662e+00
-1.400917318982387361e+00
-1.381350293542074059e+00
-1.361783268101761202e+00
-1.342216242661447900e+00
-1.322649217221135043e+00
-1.303082191780821741e+00
-1.283515166340508884e+00
-1.263948140900195583e+00
-1.244381115459882281e+00
-1.224814090019569424e+00
-1.205247064579256122e+00
-1.185680039138943265e+00
-1.166113013698629963e+00
-1.146545988258317106e+00
-1.126978962818003804e+00
-1.107411937377690947e+00
-1.087844911937377645e+00
-1.068277886497064344e+00
-1.048710861056751487e+00
-1.029143835616438185e+00
-1.009576810176125328e+00
-9.900097847358120262e-01
-9.704427592954987247e-01
-9.508757338551854232e-01
-9.313087084148730099e-01
-9.117416829745597084e-01
-8.921746575342464070e-01
-8.726076320939331055e-01
-8.530406066536206922e-01
-8.334735812133073907e-01
-8.139065557729940892e-01
-7.943395303326807877e-01
-7.747725048923674862e-01
-7.552054794520550729e-01
-7.356384540117417714e-01
-7.160714285714284699e-01
-6.965044031311151684e-01
-6.769373776908018669e-01
-6.573703522504894536e-01
-6.378033268101761522e-01
-6.182363013698628507e-01
-5.986692759295495492e-01
-5.791022504892371359e-01
-5.595352250489238344e-01
-5.399681996086105329e-01
-5.204011741682972314e-01
-5.008341487279839299e-01
-4.812671232876715166e-01
-4.617000978473582151e-01
-4.421330724070449136e-01
-4.225660469667316121e-01
-4.029990215264183107e-01
-3.834319960861058973e-01
-3.638649706457925959e-01
-3.442979452054792944e-01
-3.247309197651659929e-01
-3.051638943248535796e-01
-2.855968688845402781e-01
-2.660298434442269766e-01
-2.464628180039136751e-01
-2.268957925636003736e-01
-2.073287671232879603e-01
-1.877617416829746588e-01
-1.681947162426613573e-01
-1.486276908023480559e-01
-1.290606653620347544e-01
-1.094936399217223411e-01
-8.992661448140903957e-02
-7.035958904109573808e-02
-5.079256360078243659e-02
-3.122553816047002329e-02
-1.165851272015672180e-02
7.908512720156579690e-03
2.747553816046988118e-02
4.704256360078318266e-02
6.660958904109559597e-02
8.617661448140889746e-02
1.057436399217221989e-01
1.253106653620355004e-01
1.448776908023479137e-01
1.644447162426612152e-01
1.840117416829745167e-01
2.035787671232878182e-01
2.231457925636011197e-01
2.427128180039135330e-01
2.622798434442268345e-01
2.818468688845401360e-01
3.014138943248534375e-01
3.209809197651667390e-01
3.405479452054791523e-01
3.601149706457924538e-01
3.796819960861057552e-01
3.992490215264190567e-01
4.188160469667314700e-01
4.383830724070447715e-01
4.579500978473580730e-01
4.775171232876713745e-01
4.970841487279846760e-01
5.166511741682970893e-01
5.362181996086103908e-01
5.557852250489236923e-01
5.753522504892369938e-01
5.949192759295502952e-01
6.144863013698627086e-01
6.340533268101760100e-01
6.536203522504893115e-01
6.731873776908026130e-01
6.927544031311150263e-01
7.123214285714283278e-01
7.318884540117416293e-01
7.514554794520549308e-01
7.710225048923682323e-01
7.905895303326806456e-01
8.101565557729939471e-01
8.297235812133072486e-01
8.492906066536205500e-01
8.688576320939338515e-01
8.884246575342462648e-01
9.079916829745595663e-01
9.275587084148728678e-01
9.471257338551861693e-01
9.666927592954985826e-01
9.862597847358118841e-01
1.005826810176125186e+00
1.025393835616438487e+00
1.044960861056751789e+00
1.064527886497064202e+00
1.084094911937377503e+00
1.103661937377690805e+00
1.123228962818004106e+00
1.142795988258317408e+00
1.162363013698629821e+00
1.181930039138943123e+00
1.201497064579256424e+00
1.221064090019569726e+00
1.240631115459882139e+00
1.260198140900195440e+00
1.279765166340508742e+00
1.299332191780822043e+00
1.318899217221135345e+00
1.338466242661447758e+00
1.358033268101761060e+00
1.377600293542074361e+00
1.397167318982387663e+00
1.416734344422700964e+00
1.436301369863013377e+00
1.455868395303326679e+00
1.475435420743639980e+00
1.495002446183953282e+00
1.514569471624265695e+00
1.534136497064578997e+00
1.553703522504892298e+00
1.573270547945205600e+00
1.592837573385518901e+00
1.612404598825831314e+00
1.631971624266144616e+00
1.651538649706457917e+00
1.671105675146771219e+00
1.690672700587084520e+00
1.710239726027396934e+00
1.729806751467710235e+00
1.749373776908023537e+00
1.768940802348336838e+00
1.788507827788649251e+00
1.808074853228962553e+00
1.827641878669275854e+00
1.847208904109589156e+00
1.866775929549902457e+00
1.886342954990214871e+00
1.905909980430528172e+00
1.925477005870841474e+00
1.945044031311154775e+00
1.964611056751468077e+00
1.984178082191780490e+00
2.003745107632093791e+00
2.023312133072407093e+00
2.042879158512720394e+00
2.062446183953032808e+00
2.082013209393346109e+00
2.101580234833659411e+00
2.121147260273972712e+00
2.140714285714286014e+00
2.160281311154598427e+00
2.179848336594911729e+00
2.199415362035225030e+00
2.218982387475538332e+00
2.238549412915851633e+00
2.258116438356164046e+00
2.277683463796477348e+00
2.297250489236790649e+00
2.316817514677103951e+00
2.336384540117416364e+00
2.355951565557729666e+00
2.375518590998042967e+00
2.395085616438356269e+00
2.414652641878669570e+00
2.434219667318981983e+00
2.453786692759295285e+00
2.473353718199608586e+00
2.492920743639921888e+00
2.512487769080235189e+00
2.532054794520547603e+00
2.551621819960860904e+00
2.571188845401174206e+00
2.590755870841487507e+00
2.610322896281799920e+00
2.629889921722113222e+00
2.649456947162426523e+00
2.669023972602739825e+00
2.688590998043053126e+00
2.708158023483365540e+00
2.727725048923678841e+00
2.747292074363992143e+00
2.766859099804305444e+00
2.786426125244617857e+00
2.805993150684931159e+00
2.825560176125244460e+00
2.845127201565557762e+00
2.864694227005871063e+00
2.884261252446183477e+00
2.903828277886496778e+00
2.923395303326810080e+00
2.942962328767123381e+00
2.962529354207436683e+00
2.982096379647749096e+00
3.001663405088062397e+00
3.021230430528375699e+00
3.040797455968689000e+00
3.060364481409002302e+00
3.079931506849315603e+00
3.099498532289628905e+00
3.119065557729940430e+00
3.138632583170253731e+00
3.158199608610567033e+00
3.177766634050880334e+00
3.197333659491193636e+00
3.216900684931506937e+00
3.236467710371820239e+00
3.256034735812133540e+00
3.275601761252446842e+00
3.295168786692758367e+00
3.314735812133071668e+00
3.334302837573384970e+00
3.353869863013698271e+00
3.373436888454011573e+00
3.393003913894324874e+00
3.412570939334638176e+00
3.432137964774951477e+00
3.451704990215264779e+00
3.471272015655576304e+00
3.490839041095889606e+00
3.510406066536202907e+00
3.529973091976516208e+00
3.549540117416829510e+00
3.569107142857142811e+00
3.588674168297456113e+00
3.608241193737769414e+00
3.627808219178082716e+00
3.647375244618396017e+00
3.666942270058707543e+00
3.686509295499020844e+00
3.706076320939334146e+00
3.725643346379647447e+00
3.745210371819960748e+00
3.764777397260274050e+00
3.784344422700587351e+00
3.803911448140900653e+00
3.823478473581213954e+00
3.843045499021525480e+00
3.862612524461838781e+00
3.882179549902152083e+00
3.901746575342465384e+00
3.921313600782778686e+00
3.940880626223091987e+00
3.960447651663405289e+00
3.980014677103718590e+00
3.999581702544031891e+00
4.019148727984343417e+00
4.038715753424656718e+00
4.058282778864970020e+00
4.077849804305283321e+00
4.097416829745596623e+00
4.116983855185909924e+00
4.136550880626223226e+00
4.156117906066536527e+00
4.175684931506849829e+00
4.195251956947163130e+00
4.214818982387474655e+00
4.234386007827787957e+00
4.253953033268101258e+00
4.273520058708414560e+00
4.293087084148727861e+00
4.312654109589041163e+00
4.332221135029354464e+00
4.351788160469667766e+00
4.371355185909981067e+00
4.390922211350292592e+00
4.410489236790605894e+00
4.430056262230919195e+00
4.449623287671232497e+00
4.469190313111545798e+00
4.488757338551859100e+00
4.508324363992172401e+00
4.527891389432485703e+00
4.547458414872799004e+00
4.567025440313110529e+00
4.586592465753423831e+00
4.606159491193737132e+00
4.625726516634050434e+00
4.645293542074363735e+00
4.664860567514677037e+00
4.684427592954990338e+00
4.703994618395303640e+00
4.723561643835616941e+00
4.743128669275930243e+00
4.762695694716241768e+00
4.782262720156555069e+00
4.801829745596868371e+00
4.821396771037181672e+00
4.840963796477494974e+00
4.860530821917808275e+00
4.880097847358121577e+00
4.899664872798434878e+00
4.919231898238748180e+00
4.938798923679059705e+00
4.958365949119373006e+00
4.977932974559686308e+00
4.997499999999999609e+00
